 2.00 0.00  0.02
 2.00 0.40  0.04
 2.00 0.94  0.06
 2.00 1.32  0.08
 2.00 1.55  0.10
 2.00 1.70  0.12
 2.00 1.75  0.14
 2.00 1.77  0.16
 2.00 1.73  0.18
 2.00 1.67  0.20
 2.00 1.58  0.22
 2.00 1.47  0.24
 2.00 1.37  0.26
 2.00 1.29  0.28
 2.00 1.22  0.30
 2.00 1.19  0.32
 2.00 1.17  0.34
 2.00 1.18  0.36
 2.00 1.21  0.38
 2.00 1.24  0.40
 2.00 1.29  0.42
 2.00 1.32  0.44
 2.00 1.36  0.46
 2.00 1.37  0.48
 2.00 1.40  0.50
 2.00 1.41  0.52
 2.00 1.41  0.54
 2.00 1.41  0.56
 2.00 1.39  0.58
 2.00 1.37  0.60
 2.00 1.36  0.62
 2.00 1.36  0.64
 2.00 1.35  0.66
 2.00 1.34  0.68
 2.00 1.33  0.70
 2.00 1.33  0.72
 2.00 1.32  0.74
 2.00 1.33  0.76
 2.00 1.32  0.78
 2.00 1.33  0.80
 2.00 1.33  0.82
 2.00 1.34  0.84
 2.00 1.34  0.86
 2.00 1.34  0.88
 2.00 1.35  0.90
 2.00 1.35  0.92
 2.00 1.34  0.94
 2.00 1.35  0.96
 2.00 1.35  0.98
 2.00 1.34  1.00
 2.00 1.35  1.02
 2.00 1.34  1.04
 2.00 1.35  1.06
 2.00 1.35  1.08
 2.00 1.35  1.10
 2.00 1.35  1.12
 2.00 1.35  1.14
 2.00 1.35  1.16
 2.00 1.35  1.18
 2.00 1.35  1.20
 2.00 1.35  1.22
 2.00 1.35  1.24
 2.00 1.35  1.26
 2.00 1.35  1.28
 2.00 1.35  1.30
 2.00 1.35  1.32
 2.00 1.35  1.34
 2.00 1.35  1.36
 2.00 1.35  1.38
 2.00 1.35  1.40
 2.00 1.34  1.42
 2.00 1.35  1.44
 2.00 1.34  1.46
 2.00 1.35  1.48
 2.00 1.34  1.50
 2.00 1.34  1.52
 2.00 1.34  1.54
 2.00 1.34  1.56
 2.00 1.34  1.58
 2.00 1.34  1.60
 2.00 1.34  1.62
 2.00 1.34  1.64
 2.00 1.34  1.66
 2.00 1.34  1.68
 2.00 1.34  1.70
 2.00 1.34  1.72
 2.00 1.34  1.74
 2.00 1.34  1.76
 2.00 1.34  1.78
 2.00 1.34  1.80
 2.00 1.34  1.82
 2.00 1.34  1.84
 2.00 1.34  1.86
 2.00 1.34  1.88
 2.00 1.34  1.90
 2.00 1.34  1.92
 2.00 1.34  1.94
 2.00 1.34  1.96
 2.00 1.34  1.98
 2.00 1.34  2.00
 2.00 1.34  2.02
 2.00 1.34  2.04
 2.00 1.34  2.06
 2.00 1.34  2.08
 2.00 1.34  2.10
 2.00 1.34  2.12
 2.00 1.34  2.14
 2.00 1.34  2.16
 2.00 1.34  2.18
 2.00 1.34  2.20
 2.00 1.34  2.22
 2.00 1.34  2.24
 2.00 1.34  2.26
 2.00 1.34  2.28
 2.00 1.34  2.30
 2.00 1.34  2.32
 2.00 1.34  2.34
 2.00 1.34  2.36
 2.00 1.34  2.38
 2.00 1.34  2.40
 2.00 1.34  2.42
 2.00 1.34  2.44
 2.00 1.34  2.46
 2.00 1.34  2.48
 2.00 1.34  2.50
 2.00 1.34  2.52
 2.00 1.34  2.54
 2.00 1.34  2.56
 2.00 1.34  2.58
 2.00 1.34  2.60
 2.00 1.34  2.62
 2.00 1.34  2.64
 2.00 1.34  2.66
 2.00 1.34  2.68
 2.00 1.34  2.70
 2.00 1.34  2.72
 2.00 1.34  2.74
 2.00 1.34  2.76
 2.00 1.34  2.78
 2.00 1.34  2.80
 2.00 1.34  2.82
 2.00 1.34  2.84
 2.00 1.34  2.86
 2.00 1.34  2.88
 2.00 1.34  2.90
 2.00 1.34  2.92
 2.00 1.34  2.94
 2.00 1.34  2.96
 2.00 1.34  2.98
 2.00 1.34  3.00
 2.00 1.34  3.02
 2.00 1.34  3.04
 2.00 1.34  3.06
 2.00 1.34  3.08
 2.00 1.34  3.10
 2.00 1.34  3.12
 2.00 1.33  3.14
 2.00 1.33  3.16
 2.00 1.33  3.18
 2.00 1.33  3.20
 2.00 1.34  3.22
 2.00 1.34  3.24
 2.00 1.34  3.26
 2.00 1.34  3.28
 2.00 1.34  3.30
 2.00 1.34  3.32
 2.00 1.34  3.34
 2.00 1.34  3.36
 2.00 1.34  3.38
 2.00 1.34  3.40
 2.00 1.34  3.42
 2.00 1.34  3.44
 2.00 1.34  3.46
 2.00 1.34  3.48
 2.00 1.34  3.50
 2.00 1.34  3.52
 2.00 1.34  3.54
 2.00 1.34  3.56
 2.00 1.34  3.58
 2.00 1.34  3.60
 2.00 1.34  3.62
 2.00 1.34  3.64
 2.00 1.34  3.66
 2.00 1.34  3.68
 2.00 1.34  3.70
 2.00 1.34  3.72
 2.00 1.34  3.74
 2.00 1.34  3.76
 2.00 1.34  3.78
 2.00 1.34  3.80
 2.00 1.34  3.82
 2.00 1.34  3.84
 2.00 1.34  3.86
 2.00 1.34  3.88
 2.00 1.34  3.90
 2.00 1.34  3.92
 2.00 1.34  3.94
 2.00 1.34  3.96
 2.00 1.34  3.98
 2.00 1.34  4.00
 2.00 1.34  4.02
 2.00 1.34  4.04
 2.00 1.34  4.06
 2.00 1.34  4.08
 2.00 1.34  4.10
 2.00 1.34  4.12
 2.00 1.34  4.14
 2.00 1.34  4.16
 2.00 1.35  4.18
 2.00 1.34  4.20
 2.00 1.35  4.22
 2.00 1.34  4.24
 2.00 1.35  4.26
 2.00 1.34  4.28
 2.00 1.34  4.30
 2.00 1.34  4.32
 2.00 1.34  4.34
 2.00 1.34  4.36
 2.00 1.34  4.38
 2.00 1.34  4.40
 2.00 1.34  4.42
 2.00 1.34  4.44
 2.00 1.34  4.46
 2.00 1.34  4.48
 2.00 1.34  4.50
 2.00 1.34  4.52
 2.00 1.34  4.54
 2.00 1.34  4.56
 2.00 1.34  4.58
 2.00 1.34  4.60
 2.00 1.34  4.62
 2.00 1.34  4.64
 2.00 1.34  4.66
 2.00 1.34  4.68
 2.00 1.34  4.70
 2.00 1.34  4.72
 2.00 1.34  4.74
 2.00 1.34  4.76
 2.00 1.34  4.78
 2.00 1.34  4.80
 2.00 1.35  4.82
 2.00 1.34  4.84
 2.00 1.35  4.86
 2.00 1.34  4.88
 2.00 1.35  4.90
 2.00 1.34  4.92
 2.00 1.35  4.94
 2.00 1.34  4.96
 2.00 1.35  4.98
 2.00 1.34  5.00
 2.00 1.35  5.02
 2.00 1.35  5.04
 2.00 1.35  5.06
 2.00 1.34  5.08
 2.00 1.35  5.10
 2.00 1.34  5.12
 2.00 1.34  5.14
 2.00 1.34  5.16
 2.00 1.35  5.18
 2.00 1.34  5.20
 2.00 1.35  5.22
 2.00 1.35  5.24
 2.00 1.35  5.26
 2.00 1.35  5.28
 2.00 1.35  5.30
 2.00 1.35  5.32
 2.00 1.35  5.34
 2.00 1.35  5.36
 2.00 1.35  5.38
 2.00 1.35  5.40
 2.00 1.35  5.42
 2.00 1.35  5.44
 2.00 1.35  5.46
 2.00 1.35  5.48
 2.00 1.35  5.50
 2.00 1.35  5.52
 2.00 1.35  5.54
 2.00 1.35  5.56
 2.00 1.35  5.58
 2.00 1.35  5.60
 2.00 1.35  5.62
 2.00 1.35  5.64
 2.00 1.35  5.66
 2.00 1.35  5.68
 2.00 1.35  5.70
 2.00 1.35  5.72
 2.00 1.35  5.74
 2.00 1.35  5.76
 2.00 1.35  5.78
 2.00 1.35  5.80
 2.00 1.34  5.82
 2.00 1.35  5.84
 2.00 1.35  5.86
 2.00 1.35  5.88
 2.00 1.35  5.90
 2.00 1.35  5.92
 2.00 1.35  5.94
 2.00 1.35  5.96
 2.00 1.34  5.98
 2.00 1.35  6.00
 2.00 1.34  6.02
 2.00 1.35  6.04
 2.00 1.34  6.06
 2.00 1.35  6.08
 2.00 1.35  6.10
 2.00 1.34  6.12
 2.00 1.34  6.14
 2.00 1.34  6.16
 2.00 1.34  6.18
 2.00 1.34  6.20
 2.00 1.34  6.22
 2.00 1.34  6.24
 2.00 1.34  6.26
 2.00 1.34  6.28
 2.00 1.34  6.30
 2.00 1.34  6.32
 2.00 1.34  6.34
 2.00 1.34  6.36
 2.00 1.34  6.38
 2.00 1.34  6.40
 2.00 1.34  6.42
 2.00 1.34  6.44
 2.00 1.34  6.46
 2.00 1.34  6.48
 2.00 1.34  6.50
 2.00 1.34  6.52
 2.00 1.34  6.54
 2.00 1.34  6.56
 2.00 1.34  6.58
 2.00 1.34  6.60
 2.00 1.34  6.62
 2.00 1.34  6.64
 2.00 1.34  6.66
 2.00 1.34  6.68
 2.00 1.34  6.70
 2.00 1.34  6.72
 2.00 1.34  6.74
 2.00 1.34  6.76
 2.00 1.34  6.78
 2.00 1.34  6.80
 2.00 1.34  6.82
 2.00 1.34  6.84
 2.00 1.34  6.86
 2.00 1.34  6.88
 2.00 1.34  6.90
 2.00 1.34  6.92
 2.00 1.34  6.94
 2.00 1.34  6.96
 2.00 1.34  6.98
 2.00 1.34  7.00
 2.00 1.34  7.02
 2.00 1.34  7.04
 2.00 1.34  7.06
 2.00 1.34  7.08
 2.00 1.34  7.10
 2.00 1.34  7.12
 2.00 1.34  7.14
 2.00 1.34  7.16
 2.00 1.34  7.18
 2.00 1.34  7.20
 2.00 1.34  7.22
 2.00 1.34  7.24
 2.00 1.34  7.26
 2.00 1.34  7.28
 2.00 1.34  7.30
 2.00 1.34  7.32
 2.00 1.34  7.34
 2.00 1.34  7.36
 2.00 1.34  7.38
 2.00 1.34  7.40
 2.00 1.34  7.42
 2.00 1.34  7.44
 2.00 1.34  7.46
 2.00 1.34  7.48
 2.00 1.34  7.50
 2.00 1.34  7.52
 2.00 1.34  7.54
 2.00 1.34  7.56
 2.00 1.34  7.58
 2.00 1.34  7.60
 2.00 1.34  7.62
 2.00 1.34  7.64
 2.00 1.34  7.66
 2.00 1.34  7.68
 2.00 1.34  7.70
 2.00 1.34  7.72
 2.00 1.34  7.74
 2.00 1.34  7.76
 2.00 1.34  7.78
 2.00 1.34  7.80
 2.00 1.34  7.82
 2.00 1.34  7.84
 2.00 1.34  7.86
 2.00 1.34  7.88
 2.00 1.34  7.90
 2.00 1.34  7.92
 2.00 1.34  7.94
 2.00 1.34  7.96
 2.00 1.34  7.98
 2.00 1.34  8.00
 2.00 1.34  8.02
 2.00 1.34  8.04
 2.00 1.34  8.06
 2.00 1.34  8.08
 2.00 1.34  8.10
 2.00 1.34  8.12
 2.00 1.34  8.14
 2.00 1.34  8.16
 2.00 1.34  8.18
 2.00 1.34  8.20
 2.00 1.34  8.22
 2.00 1.34  8.24
 2.00 1.34  8.26
 2.00 1.34  8.28
 2.00 1.34  8.30
 2.00 1.34  8.32
 2.00 1.34  8.34
 2.00 1.34  8.36
 2.00 1.34  8.38
 2.00 1.34  8.40
 2.00 1.34  8.42
 2.00 1.34  8.44
 2.00 1.34  8.46
 2.00 1.34  8.48
 2.00 1.34  8.50
 2.00 1.34  8.52
 2.00 1.34  8.54
 2.00 1.34  8.56
 2.00 1.34  8.58
 2.00 1.34  8.60
 2.00 1.34  8.62
 2.00 1.34  8.64
 2.00 1.34  8.66
 2.00 1.34  8.68
 2.00 1.34  8.70
 2.00 1.34  8.72
 2.00 1.34  8.74
 2.00 1.34  8.76
 2.00 1.34  8.78
 2.00 1.34  8.80
 2.00 1.34  8.82
 2.00 1.34  8.84
 2.00 1.34  8.86
 2.00 1.34  8.88
 2.00 1.34  8.90
 2.00 1.34  8.92
 2.00 1.34  8.94
 2.00 1.34  8.96
 2.00 1.34  8.98
 2.00 1.34  9.00
 2.00 1.34  9.02
 2.00 1.34  9.04
 2.00 1.34  9.06
 2.00 1.34  9.08
 2.00 1.34  9.10
 2.00 1.34  9.12
 2.00 1.34  9.14
 2.00 1.34  9.16
 2.00 1.34  9.18
 2.00 1.34  9.20
 2.00 1.34  9.22
 2.00 1.34  9.24
 2.00 1.34  9.26
 2.00 1.34  9.28
 2.00 1.34  9.30
 2.00 1.34  9.32
 2.00 1.34  9.34
 2.00 1.34  9.36
 2.00 1.34  9.38
 2.00 1.34  9.40
 2.00 1.34  9.42
 2.00 1.34  9.44
 2.00 1.34  9.46
 2.00 1.34  9.48
 2.00 1.34  9.50
 2.00 1.34  9.52
 2.00 1.34  9.54
 2.00 1.34  9.56
 2.00 1.34  9.58
 2.00 1.34  9.60
 2.00 1.34  9.62
 2.00 1.34  9.64
 2.00 1.34  9.66
 2.00 1.34  9.68
 2.00 1.34  9.70
 2.00 1.34  9.72
 2.00 1.34  9.74
 2.00 1.34  9.76
 2.00 1.34  9.78
 2.00 1.34  9.80
 2.00 1.34  9.82
 2.00 1.34  9.84
 2.00 1.34  9.86
 2.00 1.34  9.88
 2.00 1.34  9.90
 2.00 1.34  9.92
 2.00 1.34  9.94
 2.00 1.34  9.96
 2.00 1.34  9.98
 2.00 1.34  10.00
 2.00 1.34  10.02
 1.99 1.34  10.04
 1.98 1.34  10.06
 1.97 1.34  10.08
 1.96 1.34  10.10
 1.95 1.34  10.12
 1.94 1.34  10.14
 1.93 1.34  10.16
 1.92 1.34  10.18
 1.91 1.34  10.20
 1.90 1.33  10.22
 1.89 1.33  10.24
 1.88 1.32  10.26
 1.87 1.32  10.28
 1.86 1.31  10.30
 1.85 1.31  10.32
 1.84 1.30  10.34
 1.83 1.30  10.36
 1.82 1.29  10.38
 1.81 1.28  10.40
 1.80 1.27  10.42
 1.79 1.27  10.44
 1.78 1.26  10.46
 1.77 1.25  10.48
 1.76 1.24  10.50
 1.75 1.23  10.52
 1.74 1.22  10.54
 1.73 1.22  10.56
 1.72 1.21  10.58
 1.71 1.20  10.60
 1.70 1.19  10.62
 1.69 1.18  10.64
 1.68 1.17  10.66
 1.67 1.16  10.68
 1.66 1.15  10.70
 1.65 1.14  10.72
 1.64 1.14  10.74
 1.63 1.13  10.76
 1.62 1.12  10.78
 1.61 1.11  10.80
 1.60 1.10  10.82
 1.59 1.09  10.84
 1.58 1.08  10.86
 1.57 1.07  10.88
 1.56 1.07  10.90
 1.55 1.06  10.92
 1.54 1.05  10.94
 1.53 1.04  10.96
 1.52 1.03  10.98
 1.51 1.02  11.00
 1.50 1.01  11.02
 1.49 1.00  11.04
 1.48 1.00  11.06
 1.47 0.99  11.08
 1.46 0.98  11.10
 1.45 0.97  11.12
 1.44 0.96  11.14
 1.43 0.95  11.16
 1.42 0.94  11.18
 1.41 0.93  11.20
 1.40 0.92  11.22
 1.39 0.92  11.24
 1.38 0.91  11.26
 1.37 0.90  11.28
 1.36 0.89  11.30
 1.35 0.88  11.32
 1.34 0.87  11.34
 1.33 0.87  11.36
 1.32 0.86  11.38
 1.31 0.85  11.40
 1.30 0.84  11.42
 1.29 0.83  11.44
 1.28 0.82  11.46
 1.27 0.82  11.48
 1.26 0.81  11.50
 1.25 0.80  11.52
 1.24 0.79  11.54
 1.23 0.78  11.56
 1.22 0.77  11.58
 1.21 0.77  11.60
 1.20 0.76  11.62
 1.19 0.75  11.64
 1.18 0.74  11.66
 1.17 0.73  11.68
 1.16 0.73  11.70
 1.15 0.72  11.72
 1.14 0.71  11.74
 1.13 0.70  11.76
 1.12 0.69  11.78
 1.11 0.68  11.80
 1.10 0.68  11.82
 1.09 0.67  11.84
 1.08 0.66  11.86
 1.07 0.65  11.88
 1.06 0.64  11.90
 1.05 0.63  11.92
 1.04 0.63  11.94
 1.03 0.62  11.96
 1.02 0.61  11.98
 1.01 0.60  12.00
 1.00 0.59  12.02
 0.99 0.58  12.04
 0.98 0.57  12.06
 0.97 0.57  12.08
 0.96 0.56  12.10
 0.95 0.55  12.12
 0.94 0.54  12.14
 0.93 0.53  12.16
 0.92 0.52  12.18
 0.91 0.52  12.20
 0.90 0.51  12.22
 0.89 0.50  12.24
 0.88 0.49  12.26
 0.87 0.48  12.28
 0.86 0.47  12.30
 0.85 0.46  12.32
 0.84 0.46  12.34
 0.83 0.45  12.36
 0.82 0.44  12.38
 0.81 0.43  12.40
 0.80 0.42  12.42
 0.79 0.42  12.44
 0.78 0.41  12.46
 0.77 0.40  12.48
 0.76 0.39  12.50
 0.75 0.38  12.52
 0.74 0.38  12.54
 0.73 0.37  12.56
 0.72 0.36  12.58
 0.71 0.35  12.60
 0.70 0.34  12.62
 0.69 0.33  12.64
 0.68 0.33  12.66
 0.67 0.32  12.68
 0.66 0.31  12.70
 0.65 0.30  12.72
 0.64 0.30  12.74
 0.63 0.29  12.76
 0.62 0.28  12.78
 0.61 0.27  12.80
 0.60 0.26  12.82
 0.59 0.25  12.84
 0.58 0.24  12.86
 0.57 0.24  12.88
 0.56 0.23  12.90
 0.55 0.22  12.92
 0.54 0.21  12.94
 0.53 0.20  12.96
 0.52 0.19  12.98
 0.51 0.18  13.00
 0.50 0.17  13.02
 0.49 0.16  13.04
 0.48 0.15  13.06
 0.47 0.14  13.08
 0.46 0.13  13.10
 0.45 0.12  13.12
 0.44 0.12  13.14
 0.43 0.11  13.16
 0.42 0.10  13.18
 0.41 0.09  13.20
 0.40 0.08  13.22
 0.39 0.07  13.24
 0.38 0.07  13.26
 0.37 0.06  13.28
 0.36 0.05  13.30
 0.35 0.04  13.32
 0.34 0.04  13.34
 0.33 0.03  13.36
 0.32 0.02  13.38
 0.31 0.02  13.40
 0.30 0.01  13.42
 0.29 0.00  13.44
 0.28 -0.00  13.46
 0.27 -0.01  13.48
 0.26 -0.02  13.50
 0.25 -0.02  13.52
 0.24 -0.03  13.54
 0.23 -0.03  13.56
 0.22 -0.04  13.58
 0.21 -0.04  13.60
 0.20 -0.05  13.62
 0.19 -0.05  13.64
 0.18 -0.06  13.66
 0.17 -0.06  13.68
 0.16 -0.07  13.70
 0.15 -0.07  13.72
 0.14 -0.08  13.74
 0.13 -0.08  13.76
 0.12 -0.09  13.78
 0.11 -0.09  13.80
 0.10 -0.09  13.82
 0.09 -0.10  13.84
 0.08 -0.10  13.86
 0.07 -0.11  13.88
 0.06 -0.11  13.90
 0.05 -0.11  13.92
 0.04 -0.12  13.94
 0.03 -0.12  13.96
 0.02 -0.12  13.98
 0.01 -0.13  14.00
 0.00 -0.13  14.02
 0.00 -0.13  14.04
 0.00 -0.13  14.06
 0.00 -0.14  14.08
 0.00 -0.14  14.10
 0.00 -0.14  14.12
 0.00 -0.15  14.14
 0.00 -0.15  14.16
 0.00 -0.15  14.18
 0.00 -0.15  14.20
 0.00 -0.15  14.22
 0.00 -0.16  14.24
 0.00 -0.16  14.26
 0.00 -0.16  14.28
 0.00 -0.16  14.30
 0.00 -0.16  14.32
 0.00 -0.17  14.34
 0.00 -0.17  14.36
 0.00 -0.17  14.38
 0.00 -0.17  14.40
 0.00 -0.17  14.42
 0.00 -0.17  14.44
 0.00 -0.17  14.46
 0.00 -0.18  14.48
 0.00 -0.18  14.50
 0.00 -0.18  14.52
 0.00 -0.18  14.54
 0.00 -0.18  14.56
 0.00 -0.18  14.58
 0.00 -0.18  14.60
 0.00 -0.18  14.62
 0.00 -0.18  14.64
 0.00 -0.18  14.66
 0.00 -0.19  14.68
 0.00 -0.19  14.70
 0.00 -0.19  14.72
 0.00 -0.19  14.74
 0.00 -0.19  14.76
 0.00 -0.19  14.78
 0.00 -0.19  14.80
 0.00 -0.19  14.82
 0.00 -0.19  14.84
 0.00 -0.19  14.86
 0.00 -0.19  14.88
 0.00 -0.19  14.90
 0.00 -0.19  14.92
 0.00 -0.19  14.94
 0.00 -0.19  14.96
 0.00 -0.19  14.98
 0.00 -0.19  15.00
 0.00 -0.19  15.02
 0.00 -0.19  15.04
 0.00 -0.19  15.06
 0.00 -0.19  15.08
 0.00 -0.19  15.10
 0.00 -0.19  15.12
 0.00 -0.19  15.14
 0.00 -0.19  15.16
 0.00 -0.19  15.18
 0.00 -0.19  15.20
 0.00 -0.19  15.22
 0.00 -0.19  15.24
 0.00 -0.19  15.26
 0.00 -0.19  15.28
 0.00 -0.19  15.30
 0.00 -0.18  15.32
 0.00 -0.18  15.34
 0.00 -0.18  15.36
 0.00 -0.18  15.38
 0.00 -0.18  15.40
 0.00 -0.18  15.42
 0.00 -0.18  15.44
 0.00 -0.18  15.46
 0.00 -0.18  15.48
 0.00 -0.18  15.50
 0.00 -0.18  15.52
 0.00 -0.18  15.54
 0.00 -0.18  15.56
 0.00 -0.18  15.58
 0.00 -0.17  15.60
 0.00 -0.17  15.62
 0.00 -0.17  15.64
 0.00 -0.17  15.66
 0.00 -0.17  15.68
 0.00 -0.17  15.70
 0.00 -0.17  15.72
 0.00 -0.17  15.74
 0.00 -0.17  15.76
 0.00 -0.17  15.78
 0.00 -0.17  15.80
 0.00 -0.16  15.82
 0.00 -0.16  15.84
 0.00 -0.16  15.86
 0.00 -0.16  15.88
 0.00 -0.16  15.90
 0.00 -0.16  15.92
 0.00 -0.16  15.94
 0.00 -0.16  15.96
 0.00 -0.16  15.98
 0.00 -0.16  16.00
 0.00 -0.15  16.02
 0.00 -0.15  16.04
 0.00 -0.15  16.06
 0.00 -0.15  16.08
 0.00 -0.15  16.10
 0.00 -0.15  16.12
 0.00 -0.15  16.14
 0.00 -0.15  16.16
 0.00 -0.15  16.18
 0.00 -0.14  16.20
 0.00 -0.14  16.22
 0.00 -0.14  16.24
 0.00 -0.14  16.26
 0.00 -0.14  16.28
 0.00 -0.14  16.30
 0.00 -0.14  16.32
 0.00 -0.14  16.34
 0.00 -0.14  16.36
 0.00 -0.13  16.38
 0.00 -0.13  16.40
 0.00 -0.13  16.42
 0.00 -0.13  16.44
 0.00 -0.13  16.46
 0.00 -0.13  16.48
 0.00 -0.13  16.50
 0.00 -0.13  16.52
 0.00 -0.13  16.54
 0.00 -0.12  16.56
 0.00 -0.12  16.58
 0.00 -0.12  16.60
 0.00 -0.12  16.62
 0.00 -0.12  16.64
 0.00 -0.12  16.66
 0.00 -0.12  16.68
 0.00 -0.12  16.70
 0.00 -0.12  16.72
 0.00 -0.11  16.74
 0.00 -0.11  16.76
 0.00 -0.11  16.78
 0.00 -0.11  16.80
 0.00 -0.11  16.82
 0.00 -0.11  16.84
 0.00 -0.11  16.86
 0.00 -0.11  16.88
 0.00 -0.11  16.90
 0.00 -0.10  16.92
 0.00 -0.10  16.94
 0.00 -0.10  16.96
 0.00 -0.10  16.98
 0.00 -0.10  17.00
 0.00 -0.10  17.02
 0.00 -0.10  17.04
 0.00 -0.10  17.06
 0.00 -0.10  17.08
 0.00 -0.09  17.10
 0.00 -0.09  17.12
 0.00 -0.09  17.14
 0.00 -0.09  17.16
 0.00 -0.09  17.18
 0.00 -0.09  17.20
 0.00 -0.09  17.22
 0.00 -0.09  17.24
 0.00 -0.09  17.26
 0.00 -0.08  17.28
 0.00 -0.08  17.30
 0.00 -0.08  17.32
 0.00 -0.08  17.34
 0.00 -0.08  17.36
 0.00 -0.08  17.38
 0.00 -0.08  17.40
 0.00 -0.08  17.42
 0.00 -0.08  17.44
 0.00 -0.08  17.46
 0.00 -0.07  17.48
 0.00 -0.07  17.50
 0.00 -0.07  17.52
 0.00 -0.07  17.54
 0.00 -0.07  17.56
 0.00 -0.07  17.58
 0.00 -0.07  17.60
 0.00 -0.07  17.62
 0.00 -0.07  17.64
 0.00 -0.07  17.66
 0.00 -0.07  17.68
 0.00 -0.06  17.70
 0.00 -0.06  17.72
 0.00 -0.06  17.74
 0.00 -0.06  17.76
 0.00 -0.06  17.78
 0.00 -0.06  17.80
 0.00 -0.06  17.82
 0.00 -0.06  17.84
 0.00 -0.06  17.86
 0.00 -0.06  17.88
 0.00 -0.06  17.90
 0.00 -0.06  17.92
 0.00 -0.05  17.94
 0.00 -0.05  17.96
 0.00 -0.05  17.98
 0.00 -0.05  18.00
 0.00 -0.05  18.02
 0.00 -0.05  18.04
 0.00 -0.05  18.06
 0.00 -0.05  18.08
 0.00 -0.05  18.10
 0.00 -0.05  18.12
 0.00 -0.05  18.14
 0.00 -0.05  18.16
 0.00 -0.05  18.18
 0.00 -0.05  18.20
 0.00 -0.04  18.22
 0.00 -0.04  18.24
 0.00 -0.04  18.26
 0.00 -0.04  18.28
 0.00 -0.04  18.30
 0.00 -0.04  18.32
 0.00 -0.04  18.34
 0.00 -0.04  18.36
 0.00 -0.04  18.38
 0.00 -0.04  18.40
 0.00 -0.04  18.42
 0.00 -0.04  18.44
 0.00 -0.04  18.46
 0.00 -0.04  18.48
 0.00 -0.04  18.50
 0.00 -0.03  18.52
 0.00 -0.03  18.54
 0.00 -0.03  18.56
 0.00 -0.03  18.58
 0.00 -0.03  18.60
 0.00 -0.03  18.62
 0.00 -0.03  18.64
 0.00 -0.03  18.66
 0.00 -0.03  18.68
 0.00 -0.03  18.70
 0.00 -0.03  18.72
 0.00 -0.03  18.74
 0.00 -0.03  18.76
 0.00 -0.03  18.78
 0.00 -0.03  18.80
 0.00 -0.03  18.82
 0.00 -0.03  18.84
 0.00 -0.03  18.86
 0.00 -0.02  18.88
 0.00 -0.02  18.90
 0.00 -0.02  18.92
 0.00 -0.02  18.94
 0.00 -0.02  18.96
 0.00 -0.02  18.98
 0.00 -0.02  19.00
 0.00 -0.02  19.02
 0.00 -0.02  19.04
 0.00 -0.02  19.06
 0.00 -0.02  19.08
 0.00 -0.02  19.10
 0.00 -0.02  19.12
 0.00 -0.02  19.14
 0.00 -0.02  19.16
 0.00 -0.02  19.18
 0.00 -0.02  19.20
 0.00 -0.02  19.22
 0.00 -0.02  19.24
 0.00 -0.02  19.26
 0.00 -0.02  19.28
 0.00 -0.02  19.30
 0.00 -0.02  19.32
 0.00 -0.01  19.34
 0.00 -0.01  19.36
 0.00 -0.01  19.38
 0.00 -0.01  19.40
 0.00 -0.01  19.42
 0.00 -0.01  19.44
 0.00 -0.01  19.46
 0.00 -0.01  19.48
 0.00 -0.01  19.50
 0.00 -0.01  19.52
 0.00 -0.01  19.54
 0.00 -0.01  19.56
 0.00 -0.01  19.58
 0.00 -0.01  19.60
 0.00 -0.01  19.62
 0.00 -0.01  19.64
 0.00 -0.01  19.66
 0.00 -0.01  19.68
 0.00 -0.01  19.70
 0.00 -0.01  19.72
 0.00 -0.01  19.74
 0.00 -0.01  19.76
 0.00 -0.01  19.78
 0.00 -0.01  19.80
 0.00 -0.01  19.82
 0.00 -0.01  19.84
 0.00 -0.01  19.86
 0.00 -0.01  19.88
 0.00 -0.01  19.90
 0.00 -0.01  19.92
 0.00 -0.01  19.94
 0.00 -0.01  19.96
 0.00 -0.01  19.98
 0.00 -0.01  20.00
 0.00 -0.01  20.02
 0.00 -0.01  20.04
 0.00 -0.00  20.06
 0.00 -0.00  20.08
 0.00 -0.00  20.10
 0.00 -0.00  20.12
 0.00 -0.00  20.14
 0.00 -0.00  20.16
 0.00 -0.00  20.18
 0.00 -0.00  20.20
 0.00 -0.00  20.22
 0.00 -0.00  20.24
 0.00 -0.00  20.26
 0.00 -0.00  20.28
 0.00 -0.00  20.30
 0.00 -0.00  20.32
 0.00 -0.00  20.34
 0.00 -0.00  20.36
 0.00 -0.00  20.38
 0.00 -0.00  20.40
 0.00 -0.00  20.42
 0.00 -0.00  20.44
 0.00 -0.00  20.46
 0.00 -0.00  20.48
 0.00 -0.00  20.50
 0.00 -0.00  20.52
 0.00 -0.00  20.54
 0.00 -0.00  20.56
 0.00 -0.00  20.58
 0.00 -0.00  20.60
 0.00 -0.00  20.62
 0.00 -0.00  20.64
 0.00 -0.00  20.66
 0.00 -0.00  20.68
 0.00 -0.00  20.70
 0.00 0.00  20.72
 0.00 0.00  20.74
 0.00 0.00  20.76
 0.00 0.00  20.78
 0.00 0.00  20.80
 0.00 0.00  20.82
 0.00 0.00  20.84
 0.00 0.00  20.86
 0.00 0.00  20.88
 0.00 0.00  20.90
 0.00 0.00  20.92
 0.00 0.00  20.94
 0.00 0.00  20.96
 0.00 0.00  20.98
 0.00 0.00  21.00
 0.00 0.00  21.02
 0.00 0.00  21.04
 0.00 0.00  21.06
 0.00 0.00  21.08
 0.00 0.00  21.10
 0.00 0.00  21.12
 0.00 0.00  21.14
 0.00 0.00  21.16
 0.00 0.00  21.18
 0.00 0.00  21.20
 0.00 0.00  21.22
 0.00 0.00  21.24
 0.00 0.00  21.26
 0.00 0.00  21.28
 0.00 0.00  21.30
 0.00 0.00  21.32
 0.00 0.00  21.34
 0.00 0.00  21.36
 0.00 0.00  21.38
 0.00 0.00  21.40
 0.00 0.00  21.42
 0.00 0.00  21.44
 0.00 0.00  21.46
 0.00 0.00  21.48
 0.00 0.00  21.50
 0.00 0.00  21.52
 0.00 0.00  21.54
 0.00 0.00  21.56
 0.00 0.00  21.58
 0.00 0.00  21.60
 0.00 0.00  21.62
 0.00 0.00  21.64
 0.00 0.00  21.66
 0.00 0.00  21.68
 0.00 0.00  21.70
 0.00 0.00  21.72
 0.00 0.00  21.74
 0.00 0.00  21.76
 0.00 0.00  21.78
 0.00 0.00  21.80
 0.00 0.00  21.82
 0.00 0.00  21.84
 0.00 0.00  21.86
 0.00 0.00  21.88
 0.00 0.00  21.90
 0.00 0.00  21.92
 0.00 0.00  21.94
 0.00 0.00  21.96
 0.00 0.00  21.98
