 2.00 0.00  0.02
 2.00 0.93  0.04
 2.00 1.79  0.06
 2.00 2.29  0.08
 2.00 2.34  0.10
 2.00 2.08  0.12
 2.00 1.74  0.14
 2.00 1.46  0.16
 2.00 1.24  0.18
 2.00 1.16  0.20
 2.00 1.16  0.22
 2.00 1.25  0.24
 2.00 1.38  0.26
 2.00 1.55  0.28
 2.00 1.67  0.30
 2.00 1.78  0.32
 2.00 1.83  0.34
 2.00 1.83  0.36
 2.00 1.82  0.38
 2.00 1.74  0.40
 2.00 1.67  0.42
 2.00 1.58  0.44
 2.00 1.52  0.46
 2.00 1.46  0.48
 2.00 1.44  0.50
 2.00 1.44  0.52
 2.00 1.46  0.54
 2.00 1.48  0.56
 2.00 1.52  0.58
 2.00 1.55  0.60
 2.00 1.58  0.62
 2.00 1.60  0.64
 2.00 1.63  0.66
 2.00 1.64  0.68
 2.00 1.62  0.70
 2.00 1.62  0.72
 2.00 1.61  0.74
 2.00 1.59  0.76
 2.00 1.56  0.78
 2.00 1.55  0.80
 2.00 1.54  0.82
 2.00 1.55  0.84
 2.00 1.54  0.86
 2.00 1.54  0.88
 2.00 1.54  0.90
 2.00 1.54  0.92
 2.00 1.55  0.94
 2.00 1.55  0.96
 2.00 1.56  0.98
 2.00 1.56  1.00
 2.00 1.56  1.02
 2.00 1.56  1.04
 2.00 1.57  1.06
 2.00 1.57  1.08
 2.00 1.57  1.10
 2.00 1.56  1.12
 2.00 1.56  1.14
 2.00 1.56  1.16
 2.00 1.56  1.18
 2.00 1.56  1.20
 2.00 1.56  1.22
 2.00 1.56  1.24
 2.00 1.56  1.26
 2.00 1.55  1.28
 2.00 1.56  1.30
 2.00 1.56  1.32
 2.00 1.56  1.34
 2.00 1.56  1.36
 2.00 1.55  1.38
 2.00 1.55  1.40
 2.00 1.55  1.42
 2.00 1.56  1.44
 2.00 1.55  1.46
 2.00 1.55  1.48
 2.00 1.55  1.50
 2.00 1.55  1.52
 2.00 1.56  1.54
 2.00 1.56  1.56
 2.00 1.55  1.58
 2.00 1.56  1.60
 2.00 1.56  1.62
 2.00 1.55  1.64
 2.00 1.56  1.66
 2.00 1.55  1.68
 2.00 1.56  1.70
 2.00 1.55  1.72
 2.00 1.55  1.74
 2.00 1.55  1.76
 2.00 1.55  1.78
 2.00 1.55  1.80
 2.00 1.55  1.82
 2.00 1.55  1.84
 2.00 1.55  1.86
 2.00 1.55  1.88
 2.00 1.56  1.90
 2.00 1.55  1.92
 2.00 1.55  1.94
 2.00 1.55  1.96
 2.00 1.55  1.98
 2.00 1.55  2.00
 2.00 1.55  2.02
 2.00 1.55  2.04
 2.00 1.55  2.06
 2.00 1.55  2.08
 2.00 1.55  2.10
 2.00 1.56  2.12
 2.00 1.55  2.14
 2.00 1.56  2.16
 2.00 1.55  2.18
 2.00 1.56  2.20
 2.00 1.56  2.22
 2.00 1.56  2.24
 2.00 1.56  2.26
 2.00 1.56  2.28
 2.00 1.56  2.30
 2.00 1.56  2.32
 2.00 1.56  2.34
 2.00 1.56  2.36
 2.00 1.56  2.38
 2.00 1.56  2.40
 2.00 1.56  2.42
 2.00 1.56  2.44
 2.00 1.56  2.46
 2.00 1.56  2.48
 2.00 1.56  2.50
 2.00 1.56  2.52
 2.00 1.56  2.54
 2.00 1.56  2.56
 2.00 1.56  2.58
 2.00 1.56  2.60
 2.00 1.56  2.62
 2.00 1.56  2.64
 2.00 1.56  2.66
 2.00 1.56  2.68
 2.00 1.56  2.70
 2.00 1.56  2.72
 2.00 1.56  2.74
 2.00 1.56  2.76
 2.00 1.56  2.78
 2.00 1.56  2.80
 2.00 1.56  2.82
 2.00 1.56  2.84
 2.00 1.56  2.86
 2.00 1.56  2.88
 2.00 1.56  2.90
 2.00 1.56  2.92
 2.00 1.56  2.94
 2.00 1.56  2.96
 2.00 1.56  2.98
 2.00 1.57  3.00
 2.00 1.57  3.02
 2.00 1.56  3.04
 2.00 1.56  3.06
 2.00 1.56  3.08
 2.00 1.56  3.10
 2.00 1.56  3.12
 2.00 1.56  3.14
 2.00 1.56  3.16
 2.00 1.56  3.18
 2.00 1.56  3.20
 2.00 1.56  3.22
 2.00 1.56  3.24
 2.00 1.56  3.26
 2.00 1.56  3.28
 2.00 1.56  3.30
 2.00 1.56  3.32
 2.00 1.56  3.34
 2.00 1.56  3.36
 2.00 1.56  3.38
 2.00 1.56  3.40
 2.00 1.56  3.42
 2.00 1.56  3.44
 2.00 1.56  3.46
 2.00 1.56  3.48
 2.00 1.56  3.50
 2.00 1.56  3.52
 2.00 1.57  3.54
 2.00 1.57  3.56
 2.00 1.57  3.58
 2.00 1.57  3.60
 2.00 1.57  3.62
 2.00 1.56  3.64
 2.00 1.56  3.66
 2.00 1.56  3.68
 2.00 1.57  3.70
 2.00 1.56  3.72
 2.00 1.56  3.74
 2.00 1.56  3.76
 2.00 1.56  3.78
 2.00 1.56  3.80
 2.00 1.56  3.82
 2.00 1.56  3.84
 2.00 1.56  3.86
 2.00 1.56  3.88
 2.00 1.56  3.90
 2.00 1.56  3.92
 2.00 1.56  3.94
 2.00 1.56  3.96
 2.00 1.56  3.98
 2.00 1.56  4.00
 2.00 1.56  4.02
 2.00 1.56  4.04
 2.00 1.56  4.06
 2.00 1.57  4.08
 2.00 1.56  4.10
 2.00 1.57  4.12
 2.00 1.56  4.14
 2.00 1.56  4.16
 2.00 1.56  4.18
 2.00 1.56  4.20
 2.00 1.56  4.22
 2.00 1.56  4.24
 2.00 1.56  4.26
 2.00 1.56  4.28
 2.00 1.56  4.30
 2.00 1.56  4.32
 2.00 1.56  4.34
 2.00 1.56  4.36
 2.00 1.56  4.38
 2.00 1.56  4.40
 2.00 1.56  4.42
 2.00 1.56  4.44
 2.00 1.56  4.46
 2.00 1.56  4.48
 2.00 1.56  4.50
 2.00 1.56  4.52
 2.00 1.56  4.54
 2.00 1.56  4.56
 2.00 1.56  4.58
 2.00 1.56  4.60
 2.00 1.56  4.62
 2.00 1.56  4.64
 2.00 1.56  4.66
 2.00 1.56  4.68
 2.00 1.56  4.70
 2.00 1.56  4.72
 2.00 1.56  4.74
 2.00 1.56  4.76
 2.00 1.56  4.78
 2.00 1.56  4.80
 2.00 1.56  4.82
 2.00 1.56  4.84
 2.00 1.56  4.86
 2.00 1.56  4.88
 2.00 1.56  4.90
 2.00 1.56  4.92
 2.00 1.56  4.94
 2.00 1.56  4.96
 2.00 1.56  4.98
 2.00 1.56  5.00
 2.00 1.56  5.02
 2.00 1.56  5.04
 2.00 1.56  5.06
 2.00 1.56  5.08
 2.00 1.56  5.10
 2.00 1.56  5.12
 2.00 1.56  5.14
 2.00 1.56  5.16
 2.00 1.56  5.18
 2.00 1.56  5.20
 2.00 1.56  5.22
 2.00 1.56  5.24
 2.00 1.56  5.26
 2.00 1.56  5.28
 2.00 1.56  5.30
 2.00 1.56  5.32
 2.00 1.56  5.34
 2.00 1.56  5.36
 2.00 1.56  5.38
 2.00 1.56  5.40
 2.00 1.56  5.42
 2.00 1.56  5.44
 2.00 1.56  5.46
 2.00 1.56  5.48
 2.00 1.56  5.50
 2.00 1.56  5.52
 2.00 1.56  5.54
 2.00 1.56  5.56
 2.00 1.56  5.58
 2.00 1.56  5.60
 2.00 1.56  5.62
 2.00 1.56  5.64
 2.00 1.56  5.66
 2.00 1.55  5.68
 2.00 1.55  5.70
 2.00 1.55  5.72
 2.00 1.55  5.74
 2.00 1.55  5.76
 2.00 1.55  5.78
 2.00 1.55  5.80
 2.00 1.55  5.82
 2.00 1.55  5.84
 2.00 1.55  5.86
 2.00 1.55  5.88
 2.00 1.55  5.90
 2.00 1.55  5.92
 2.00 1.55  5.94
 2.00 1.55  5.96
 2.00 1.55  5.98
 2.00 1.55  6.00
 2.00 1.55  6.02
 2.00 1.56  6.04
 2.00 1.55  6.06
 2.00 1.55  6.08
 2.00 1.55  6.10
 2.00 1.56  6.12
 2.00 1.56  6.14
 2.00 1.55  6.16
 2.00 1.55  6.18
 2.00 1.55  6.20
 2.00 1.55  6.22
 2.00 1.55  6.24
 2.00 1.55  6.26
 2.00 1.55  6.28
 2.00 1.55  6.30
 2.00 1.55  6.32
 2.00 1.55  6.34
 2.00 1.55  6.36
 2.00 1.55  6.38
 2.00 1.55  6.40
 2.00 1.55  6.42
 2.00 1.56  6.44
 2.00 1.56  6.46
 2.00 1.56  6.48
 2.00 1.56  6.50
 2.00 1.56  6.52
 2.00 1.56  6.54
 2.00 1.56  6.56
 2.00 1.56  6.58
 2.00 1.56  6.60
 2.00 1.56  6.62
 2.00 1.56  6.64
 2.00 1.56  6.66
 2.00 1.56  6.68
 2.00 1.56  6.70
 2.00 1.56  6.72
 2.00 1.56  6.74
 2.00 1.56  6.76
 2.00 1.56  6.78
 2.00 1.56  6.80
 2.00 1.56  6.82
 2.00 1.56  6.84
 2.00 1.56  6.86
 2.00 1.56  6.88
 2.00 1.56  6.90
 2.00 1.56  6.92
 2.00 1.56  6.94
 2.00 1.56  6.96
 2.00 1.56  6.98
 2.00 1.56  7.00
 2.00 1.56  7.02
 2.00 1.56  7.04
 2.00 1.56  7.06
 2.00 1.56  7.08
 2.00 1.56  7.10
 2.00 1.56  7.12
 2.00 1.56  7.14
 2.00 1.56  7.16
 2.00 1.56  7.18
 2.00 1.56  7.20
 2.00 1.56  7.22
 2.00 1.56  7.24
 2.00 1.56  7.26
 2.00 1.56  7.28
 2.00 1.56  7.30
 2.00 1.56  7.32
 2.00 1.56  7.34
 2.00 1.56  7.36
 2.00 1.56  7.38
 2.00 1.56  7.40
 2.00 1.56  7.42
 2.00 1.56  7.44
 2.00 1.56  7.46
 2.00 1.56  7.48
 2.00 1.56  7.50
 2.00 1.56  7.52
 2.00 1.56  7.54
 2.00 1.56  7.56
 2.00 1.56  7.58
 2.00 1.56  7.60
 2.00 1.56  7.62
 2.00 1.56  7.64
 2.00 1.56  7.66
 2.00 1.56  7.68
 2.00 1.56  7.70
 2.00 1.56  7.72
 2.00 1.56  7.74
 2.00 1.56  7.76
 2.00 1.56  7.78
 2.00 1.56  7.80
 2.00 1.56  7.82
 2.00 1.56  7.84
 2.00 1.56  7.86
 2.00 1.56  7.88
 2.00 1.56  7.90
 2.00 1.56  7.92
 2.00 1.56  7.94
 2.00 1.56  7.96
 2.00 1.56  7.98
 2.00 1.56  8.00
 2.00 1.56  8.02
 2.00 1.56  8.04
 2.00 1.56  8.06
 2.00 1.56  8.08
 2.00 1.56  8.10
 2.00 1.56  8.12
 2.00 1.56  8.14
 2.00 1.56  8.16
 2.00 1.56  8.18
 2.00 1.56  8.20
 2.00 1.56  8.22
 2.00 1.56  8.24
 2.00 1.56  8.26
 2.00 1.56  8.28
 2.00 1.56  8.30
 2.00 1.56  8.32
 2.00 1.56  8.34
 2.00 1.56  8.36
 2.00 1.56  8.38
 2.00 1.56  8.40
 2.00 1.56  8.42
 2.00 1.56  8.44
 2.00 1.56  8.46
 2.00 1.56  8.48
 2.00 1.56  8.50
 2.00 1.56  8.52
 2.00 1.56  8.54
 2.00 1.56  8.56
 2.00 1.56  8.58
 2.00 1.56  8.60
 2.00 1.56  8.62
 2.00 1.56  8.64
 2.00 1.56  8.66
 2.00 1.56  8.68
 2.00 1.56  8.70
 2.00 1.56  8.72
 2.00 1.56  8.74
 2.00 1.56  8.76
 2.00 1.56  8.78
 2.00 1.56  8.80
 2.00 1.56  8.82
 2.00 1.56  8.84
 2.00 1.56  8.86
 2.00 1.56  8.88
 2.00 1.56  8.90
 2.00 1.56  8.92
 2.00 1.56  8.94
 2.00 1.56  8.96
 2.00 1.56  8.98
 2.00 1.56  9.00
 2.00 1.56  9.02
 2.00 1.56  9.04
 2.00 1.56  9.06
 2.00 1.56  9.08
 2.00 1.56  9.10
 2.00 1.56  9.12
 2.00 1.56  9.14
 2.00 1.56  9.16
 2.00 1.56  9.18
 2.00 1.56  9.20
 2.00 1.56  9.22
 2.00 1.56  9.24
 2.00 1.56  9.26
 2.00 1.56  9.28
 2.00 1.56  9.30
 2.00 1.56  9.32
 2.00 1.56  9.34
 2.00 1.56  9.36
 2.00 1.56  9.38
 2.00 1.56  9.40
 2.00 1.56  9.42
 2.00 1.56  9.44
 2.00 1.56  9.46
 2.00 1.55  9.48
 2.00 1.55  9.50
 2.00 1.55  9.52
 2.00 1.55  9.54
 2.00 1.55  9.56
 2.00 1.55  9.58
 2.00 1.55  9.60
 2.00 1.55  9.62
 2.00 1.55  9.64
 2.00 1.55  9.66
 2.00 1.55  9.68
 2.00 1.55  9.70
 2.00 1.55  9.72
 2.00 1.55  9.74
 2.00 1.55  9.76
 2.00 1.55  9.78
 2.00 1.55  9.80
 2.00 1.55  9.82
 2.00 1.55  9.84
 2.00 1.55  9.86
 2.00 1.55  9.88
 2.00 1.55  9.90
 2.00 1.55  9.92
 2.00 1.55  9.94
 2.00 1.55  9.96
 2.00 1.55  9.98
 2.00 1.55  10.00
 2.00 1.55  10.02
 1.99 1.55  10.04
 1.98 1.55  10.06
 1.97 1.55  10.08
 1.96 1.55  10.10
 1.95 1.55  10.12
 1.94 1.55  10.14
 1.93 1.55  10.16
 1.92 1.54  10.18
 1.91 1.54  10.20
 1.90 1.53  10.22
 1.89 1.53  10.24
 1.88 1.52  10.26
 1.87 1.52  10.28
 1.86 1.51  10.30
 1.85 1.50  10.32
 1.84 1.49  10.34
 1.83 1.48  10.36
 1.82 1.47  10.38
 1.81 1.46  10.40
 1.80 1.45  10.42
 1.79 1.44  10.44
 1.78 1.43  10.46
 1.77 1.42  10.48
 1.76 1.41  10.50
 1.75 1.40  10.52
 1.74 1.39  10.54
 1.73 1.38  10.56
 1.72 1.37  10.58
 1.71 1.36  10.60
 1.70 1.35  10.62
 1.69 1.34  10.64
 1.68 1.33  10.66
 1.67 1.32  10.68
 1.66 1.31  10.70
 1.65 1.30  10.72
 1.64 1.29  10.74
 1.63 1.28  10.76
 1.62 1.28  10.78
 1.61 1.27  10.80
 1.60 1.26  10.82
 1.59 1.25  10.84
 1.58 1.24  10.86
 1.57 1.23  10.88
 1.56 1.22  10.90
 1.55 1.21  10.92
 1.54 1.20  10.94
 1.53 1.19  10.96
 1.52 1.18  10.98
 1.51 1.18  11.00
 1.50 1.17  11.02
 1.49 1.16  11.04
 1.48 1.15  11.06
 1.47 1.14  11.08
 1.46 1.13  11.10
 1.45 1.12  11.12
 1.44 1.11  11.14
 1.43 1.10  11.16
 1.42 1.09  11.18
 1.41 1.08  11.20
 1.40 1.08  11.22
 1.39 1.07  11.24
 1.38 1.06  11.26
 1.37 1.05  11.28
 1.36 1.04  11.30
 1.35 1.03  11.32
 1.34 1.02  11.34
 1.33 1.01  11.36
 1.32 1.01  11.38
 1.31 1.00  11.40
 1.30 0.99  11.42
 1.29 0.98  11.44
 1.28 0.97  11.46
 1.27 0.96  11.48
 1.26 0.95  11.50
 1.25 0.95  11.52
 1.24 0.94  11.54
 1.23 0.93  11.56
 1.22 0.92  11.58
 1.21 0.91  11.60
 1.20 0.90  11.62
 1.19 0.89  11.64
 1.18 0.88  11.66
 1.17 0.87  11.68
 1.16 0.86  11.70
 1.15 0.86  11.72
 1.14 0.85  11.74
 1.13 0.84  11.76
 1.12 0.83  11.78
 1.11 0.82  11.80
 1.10 0.81  11.82
 1.09 0.80  11.84
 1.08 0.80  11.86
 1.07 0.79  11.88
 1.06 0.78  11.90
 1.05 0.77  11.92
 1.04 0.76  11.94
 1.03 0.75  11.96
 1.02 0.74  11.98
 1.01 0.73  12.00
 1.00 0.73  12.02
 0.99 0.72  12.04
 0.98 0.71  12.06
 0.97 0.70  12.08
 0.96 0.69  12.10
 0.95 0.68  12.12
 0.94 0.67  12.14
 0.93 0.66  12.16
 0.92 0.65  12.18
 0.91 0.64  12.20
 0.90 0.63  12.22
 0.89 0.63  12.24
 0.88 0.62  12.26
 0.87 0.61  12.28
 0.86 0.60  12.30
 0.85 0.59  12.32
 0.84 0.58  12.34
 0.83 0.58  12.36
 0.82 0.57  12.38
 0.81 0.56  12.40
 0.80 0.55  12.42
 0.79 0.54  12.44
 0.78 0.53  12.46
 0.77 0.52  12.48
 0.76 0.51  12.50
 0.75 0.51  12.52
 0.74 0.50  12.54
 0.73 0.49  12.56
 0.72 0.48  12.58
 0.71 0.47  12.60
 0.70 0.46  12.62
 0.69 0.45  12.64
 0.68 0.44  12.66
 0.67 0.43  12.68
 0.66 0.43  12.70
 0.65 0.42  12.72
 0.64 0.41  12.74
 0.63 0.40  12.76
 0.62 0.39  12.78
 0.61 0.38  12.80
 0.60 0.37  12.82
 0.59 0.36  12.84
 0.58 0.35  12.86
 0.57 0.35  12.88
 0.56 0.34  12.90
 0.55 0.33  12.92
 0.54 0.32  12.94
 0.53 0.31  12.96
 0.52 0.30  12.98
 0.51 0.30  13.00
 0.50 0.29  13.02
 0.49 0.28  13.04
 0.48 0.27  13.06
 0.47 0.26  13.08
 0.46 0.25  13.10
 0.45 0.24  13.12
 0.44 0.23  13.14
 0.43 0.22  13.16
 0.42 0.22  13.18
 0.41 0.21  13.20
 0.40 0.20  13.22
 0.39 0.19  13.24
 0.38 0.19  13.26
 0.37 0.18  13.28
 0.36 0.17  13.30
 0.35 0.16  13.32
 0.34 0.15  13.34
 0.33 0.14  13.36
 0.32 0.13  13.38
 0.31 0.12  13.40
 0.30 0.11  13.42
 0.29 0.10  13.44
 0.28 0.09  13.46
 0.27 0.08  13.48
 0.26 0.07  13.50
 0.25 0.07  13.52
 0.24 0.06  13.54
 0.23 0.05  13.56
 0.22 0.04  13.58
 0.21 0.03  13.60
 0.20 0.03  13.62
 0.19 0.02  13.64
 0.18 0.01  13.66
 0.17 0.00  13.68
 0.16 -0.00  13.70
 0.15 -0.01  13.72
 0.14 -0.02  13.74
 0.13 -0.02  13.76
 0.12 -0.03  13.78
 0.11 -0.03  13.80
 0.10 -0.04  13.82
 0.09 -0.05  13.84
 0.08 -0.05  13.86
 0.07 -0.06  13.88
 0.06 -0.06  13.90
 0.05 -0.07  13.92
 0.04 -0.07  13.94
 0.03 -0.08  13.96
 0.02 -0.08  13.98
 0.01 -0.09  14.00
 0.00 -0.09  14.02
 0.00 -0.10  14.04
 0.00 -0.10  14.06
 0.00 -0.11  14.08
 0.00 -0.11  14.10
 0.00 -0.11  14.12
 0.00 -0.12  14.14
 0.00 -0.12  14.16
 0.00 -0.13  14.18
 0.00 -0.13  14.20
 0.00 -0.13  14.22
 0.00 -0.14  14.24
 0.00 -0.14  14.26
 0.00 -0.14  14.28
 0.00 -0.15  14.30
 0.00 -0.15  14.32
 0.00 -0.15  14.34
 0.00 -0.16  14.36
 0.00 -0.16  14.38
 0.00 -0.16  14.40
 0.00 -0.16  14.42
 0.00 -0.17  14.44
 0.00 -0.17  14.46
 0.00 -0.17  14.48
 0.00 -0.17  14.50
 0.00 -0.17  14.52
 0.00 -0.18  14.54
 0.00 -0.18  14.56
 0.00 -0.18  14.58
 0.00 -0.18  14.60
 0.00 -0.18  14.62
 0.00 -0.19  14.64
 0.00 -0.19  14.66
 0.00 -0.19  14.68
 0.00 -0.19  14.70
 0.00 -0.19  14.72
 0.00 -0.19  14.74
 0.00 -0.19  14.76
 0.00 -0.20  14.78
 0.00 -0.20  14.80
 0.00 -0.20  14.82
 0.00 -0.20  14.84
 0.00 -0.20  14.86
 0.00 -0.20  14.88
 0.00 -0.20  14.90
 0.00 -0.20  14.92
 0.00 -0.20  14.94
 0.00 -0.20  14.96
 0.00 -0.20  14.98
 0.00 -0.20  15.00
 0.00 -0.21  15.02
 0.00 -0.21  15.04
 0.00 -0.21  15.06
 0.00 -0.21  15.08
 0.00 -0.21  15.10
 0.00 -0.21  15.12
 0.00 -0.21  15.14
 0.00 -0.21  15.16
 0.00 -0.21  15.18
 0.00 -0.21  15.20
 0.00 -0.21  15.22
 0.00 -0.21  15.24
 0.00 -0.21  15.26
 0.00 -0.21  15.28
 0.00 -0.21  15.30
 0.00 -0.21  15.32
 0.00 -0.21  15.34
 0.00 -0.21  15.36
 0.00 -0.21  15.38
 0.00 -0.21  15.40
 0.00 -0.21  15.42
 0.00 -0.20  15.44
 0.00 -0.20  15.46
 0.00 -0.20  15.48
 0.00 -0.20  15.50
 0.00 -0.20  15.52
 0.00 -0.20  15.54
 0.00 -0.20  15.56
 0.00 -0.20  15.58
 0.00 -0.20  15.60
 0.00 -0.20  15.62
 0.00 -0.20  15.64
 0.00 -0.20  15.66
 0.00 -0.20  15.68
 0.00 -0.20  15.70
 0.00 -0.20  15.72
 0.00 -0.20  15.74
 0.00 -0.19  15.76
 0.00 -0.19  15.78
 0.00 -0.19  15.80
 0.00 -0.19  15.82
 0.00 -0.19  15.84
 0.00 -0.19  15.86
 0.00 -0.19  15.88
 0.00 -0.19  15.90
 0.00 -0.19  15.92
 0.00 -0.19  15.94
 0.00 -0.19  15.96
 0.00 -0.18  15.98
 0.00 -0.18  16.00
 0.00 -0.18  16.02
 0.00 -0.18  16.04
 0.00 -0.18  16.06
 0.00 -0.18  16.08
 0.00 -0.18  16.10
 0.00 -0.18  16.12
 0.00 -0.18  16.14
 0.00 -0.17  16.16
 0.00 -0.17  16.18
 0.00 -0.17  16.20
 0.00 -0.17  16.22
 0.00 -0.17  16.24
 0.00 -0.17  16.26
 0.00 -0.17  16.28
 0.00 -0.17  16.30
 0.00 -0.17  16.32
 0.00 -0.16  16.34
 0.00 -0.16  16.36
 0.00 -0.16  16.38
 0.00 -0.16  16.40
 0.00 -0.16  16.42
 0.00 -0.16  16.44
 0.00 -0.16  16.46
 0.00 -0.16  16.48
 0.00 -0.15  16.50
 0.00 -0.15  16.52
 0.00 -0.15  16.54
 0.00 -0.15  16.56
 0.00 -0.15  16.58
 0.00 -0.15  16.60
 0.00 -0.15  16.62
 0.00 -0.15  16.64
 0.00 -0.14  16.66
 0.00 -0.14  16.68
 0.00 -0.14  16.70
 0.00 -0.14  16.72
 0.00 -0.14  16.74
 0.00 -0.14  16.76
 0.00 -0.14  16.78
 0.00 -0.14  16.80
 0.00 -0.13  16.82
 0.00 -0.13  16.84
 0.00 -0.13  16.86
 0.00 -0.13  16.88
 0.00 -0.13  16.90
 0.00 -0.13  16.92
 0.00 -0.13  16.94
 0.00 -0.13  16.96
 0.00 -0.12  16.98
 0.00 -0.12  17.00
 0.00 -0.12  17.02
 0.00 -0.12  17.04
 0.00 -0.12  17.06
 0.00 -0.12  17.08
 0.00 -0.12  17.10
 0.00 -0.12  17.12
 0.00 -0.12  17.14
 0.00 -0.11  17.16
 0.00 -0.11  17.18
 0.00 -0.11  17.20
 0.00 -0.11  17.22
 0.00 -0.11  17.24
 0.00 -0.11  17.26
 0.00 -0.11  17.28
 0.00 -0.11  17.30
 0.00 -0.10  17.32
 0.00 -0.10  17.34
 0.00 -0.10  17.36
 0.00 -0.10  17.38
 0.00 -0.10  17.40
 0.00 -0.10  17.42
 0.00 -0.10  17.44
 0.00 -0.10  17.46
 0.00 -0.10  17.48
 0.00 -0.09  17.50
 0.00 -0.09  17.52
 0.00 -0.09  17.54
 0.00 -0.09  17.56
 0.00 -0.09  17.58
 0.00 -0.09  17.60
 0.00 -0.09  17.62
 0.00 -0.09  17.64
 0.00 -0.09  17.66
 0.00 -0.08  17.68
 0.00 -0.08  17.70
 0.00 -0.08  17.72
 0.00 -0.08  17.74
 0.00 -0.08  17.76
 0.00 -0.08  17.78
 0.00 -0.08  17.80
 0.00 -0.08  17.82
 0.00 -0.08  17.84
 0.00 -0.08  17.86
 0.00 -0.07  17.88
 0.00 -0.07  17.90
 0.00 -0.07  17.92
 0.00 -0.07  17.94
 0.00 -0.07  17.96
 0.00 -0.07  17.98
 0.00 -0.07  18.00
 0.00 -0.07  18.02
 0.00 -0.07  18.04
 0.00 -0.07  18.06
 0.00 -0.06  18.08
 0.00 -0.06  18.10
 0.00 -0.06  18.12
 0.00 -0.06  18.14
 0.00 -0.06  18.16
 0.00 -0.06  18.18
 0.00 -0.06  18.20
 0.00 -0.06  18.22
 0.00 -0.06  18.24
 0.00 -0.06  18.26
 0.00 -0.06  18.28
 0.00 -0.06  18.30
 0.00 -0.05  18.32
 0.00 -0.05  18.34
 0.00 -0.05  18.36
 0.00 -0.05  18.38
 0.00 -0.05  18.40
 0.00 -0.05  18.42
 0.00 -0.05  18.44
 0.00 -0.05  18.46
 0.00 -0.05  18.48
 0.00 -0.05  18.50
 0.00 -0.05  18.52
 0.00 -0.05  18.54
 0.00 -0.04  18.56
 0.00 -0.04  18.58
 0.00 -0.04  18.60
 0.00 -0.04  18.62
 0.00 -0.04  18.64
 0.00 -0.04  18.66
 0.00 -0.04  18.68
 0.00 -0.04  18.70
 0.00 -0.04  18.72
 0.00 -0.04  18.74
 0.00 -0.04  18.76
 0.00 -0.04  18.78
 0.00 -0.04  18.80
 0.00 -0.04  18.82
 0.00 -0.04  18.84
 0.00 -0.03  18.86
 0.00 -0.03  18.88
 0.00 -0.03  18.90
 0.00 -0.03  18.92
 0.00 -0.03  18.94
 0.00 -0.03  18.96
 0.00 -0.03  18.98
 0.00 -0.03  19.00
 0.00 -0.03  19.02
 0.00 -0.03  19.04
 0.00 -0.03  19.06
 0.00 -0.03  19.08
 0.00 -0.03  19.10
 0.00 -0.03  19.12
 0.00 -0.03  19.14
 0.00 -0.03  19.16
 0.00 -0.03  19.18
 0.00 -0.03  19.20
 0.00 -0.02  19.22
 0.00 -0.02  19.24
 0.00 -0.02  19.26
 0.00 -0.02  19.28
 0.00 -0.02  19.30
 0.00 -0.02  19.32
 0.00 -0.02  19.34
 0.00 -0.02  19.36
 0.00 -0.02  19.38
 0.00 -0.02  19.40
 0.00 -0.02  19.42
 0.00 -0.02  19.44
 0.00 -0.02  19.46
 0.00 -0.02  19.48
 0.00 -0.02  19.50
 0.00 -0.02  19.52
 0.00 -0.02  19.54
 0.00 -0.02  19.56
 0.00 -0.02  19.58
 0.00 -0.02  19.60
 0.00 -0.02  19.62
 0.00 -0.02  19.64
 0.00 -0.01  19.66
 0.00 -0.01  19.68
 0.00 -0.01  19.70
 0.00 -0.01  19.72
 0.00 -0.01  19.74
 0.00 -0.01  19.76
 0.00 -0.01  19.78
 0.00 -0.01  19.80
 0.00 -0.01  19.82
 0.00 -0.01  19.84
 0.00 -0.01  19.86
 0.00 -0.01  19.88
 0.00 -0.01  19.90
 0.00 -0.01  19.92
 0.00 -0.01  19.94
 0.00 -0.01  19.96
 0.00 -0.01  19.98
 0.00 -0.01  20.00
 0.00 -0.01  20.02
 0.00 -0.01  20.04
 0.00 -0.01  20.06
 0.00 -0.01  20.08
 0.00 -0.01  20.10
 0.00 -0.01  20.12
 0.00 -0.01  20.14
 0.00 -0.01  20.16
 0.00 -0.01  20.18
 0.00 -0.01  20.20
 0.00 -0.01  20.22
 0.00 -0.01  20.24
 0.00 -0.01  20.26
 0.00 -0.01  20.28
 0.00 -0.01  20.30
 0.00 -0.01  20.32
 0.00 -0.01  20.34
 0.00 -0.00  20.36
 0.00 -0.00  20.38
 0.00 -0.00  20.40
 0.00 -0.00  20.42
 0.00 -0.00  20.44
 0.00 -0.00  20.46
 0.00 -0.00  20.48
 0.00 -0.00  20.50
 0.00 -0.00  20.52
 0.00 -0.00  20.54
 0.00 -0.00  20.56
 0.00 -0.00  20.58
 0.00 -0.00  20.60
 0.00 -0.00  20.62
 0.00 -0.00  20.64
 0.00 -0.00  20.66
 0.00 -0.00  20.68
 0.00 -0.00  20.70
 0.00 -0.00  20.72
 0.00 -0.00  20.74
 0.00 -0.00  20.76
 0.00 -0.00  20.78
 0.00 -0.00  20.80
 0.00 -0.00  20.82
 0.00 -0.00  20.84
 0.00 -0.00  20.86
 0.00 -0.00  20.88
 0.00 -0.00  20.90
 0.00 -0.00  20.92
 0.00 -0.00  20.94
 0.00 0.00  20.96
 0.00 0.00  20.98
 0.00 0.00  21.00
 0.00 0.00  21.02
 0.00 0.00  21.04
 0.00 0.00  21.06
 0.00 0.00  21.08
 0.00 0.00  21.10
 0.00 0.00  21.12
 0.00 0.00  21.14
 0.00 0.00  21.16
 0.00 0.00  21.18
 0.00 0.00  21.20
 0.00 0.00  21.22
 0.00 0.00  21.24
 0.00 0.00  21.26
 0.00 0.00  21.28
 0.00 0.00  21.30
 0.00 0.00  21.32
 0.00 0.00  21.34
 0.00 0.00  21.36
 0.00 0.00  21.38
 0.00 0.00  21.40
 0.00 0.00  21.42
 0.00 0.00  21.44
 0.00 0.00  21.46
 0.00 0.00  21.48
 0.00 0.00  21.50
 0.00 0.00  21.52
 0.00 0.00  21.54
 0.00 0.00  21.56
 0.00 0.00  21.58
