0.00
0.00
5.02
7.99
8.37
8.09
7.85
7.71
7.71
7.67
7.71
7.76
7.85
7.85
7.90
7.95
7.95
8.18
7.95
7.90
7.95
7.99
7.95
7.99
7.99
7.99
7.99
7.99
8.04
7.99
7.99
7.99
7.99
8.23
7.95
7.95
7.99
7.99
7.99
7.99
7.99
7.99
7.99
7.99
7.99
7.99
7.99
7.99
7.99
8.18
7.95
7.95
7.95
7.99
8.04
7.99
8.04
7.99
7.99
7.99
7.99
7.99
7.99
7.99
7.99
8.23
7.95
7.95
7.95
7.95
7.95
7.99
8.04
8.04
7.99
7.99
8.04
8.04
8.04
7.99
7.99
8.23
7.95
7.95
7.90
7.95
7.99
7.99
7.95
7.99
8.04
8.04
8.04
7.99
7.99
7.99
8.04
8.23
7.99
7.90
7.90
7.95
7.99
7.99
8.04
7.99
7.99
7.99
7.99
7.99
7.99
8.04
7.99
8.18
7.99
7.95
7.95
7.95
7.99
7.99
7.99
7.99
7.99
7.99
7.99
7.99
1.02
-2.04
1.39
2.97
0.23
-0.65
0.28
0.46
0.05
0.00
0.00
0.00
0.00
0.00
0.00
0.00
0.00
0.00
0.00
0.00
0.00
0.00
0.00
0.00
0.00
0.00
0.00
0.00
0.00
0.00
0.00
0.00
0.00
0.00
0.00
0.00
0.00
0.00
0.00
0.00
0.00
0.00
0.00
0.00
0.00
0.00
0.00
0.00
0.00
0.00
0.00
0.00
0.00
0.00
0.00
0.00
0.00
0.00
0.00
0.00
