  0.00  0.00
  8.00  0.00
  8.00  5.02
  8.00  7.99
  8.00  8.37
  8.00  8.09
  8.00  7.85
  8.00  7.71
  8.00  7.71
  8.00  7.67
  8.00  7.71
  8.00  7.76
  8.00  7.85
  8.00  7.85
  8.00  7.90
  8.00  7.95
  8.00  7.95
  8.00  8.18
  8.00  7.95
  8.00  7.90
  8.00  7.95
  8.00  7.99
  8.00  7.95
  8.00  7.99
  8.00  7.99
  8.00  7.99
  8.00  7.99
  8.00  7.99
  8.00  8.04
  8.00  7.99
  8.00  7.99
  8.00  7.99
  8.00  7.99
  8.00  8.23
  8.00  7.95
  8.00  7.95
  8.00  7.99
  8.00  7.99
  8.00  7.99
  8.00  7.99
  8.00  7.99
  8.00  7.99
  8.00  7.99
  8.00  7.99
  8.00  7.99
  8.00  7.99
  8.00  7.99
  8.00  7.99
  8.00  7.99
  8.00  8.18
  8.00  7.95
  8.00  7.95
  8.00  7.95
  8.00  7.99
  8.00  8.04
  8.00  7.99
  8.00  8.04
  8.00  7.99
  8.00  7.99
  8.00  7.99
  8.00  7.99
  8.00  7.99
  8.00  7.99
  8.00  7.99
  8.00  7.99
  8.00  8.23
  8.00  7.95
  8.00  7.95
  8.00  7.95
  8.00  7.95
  8.00  7.95
  8.00  7.99
  8.00  8.04
  8.00  8.04
  8.00  7.99
  8.00  7.99
  8.00  8.04
  8.00  8.04
  8.00  8.04
  8.00  7.99
  8.00  7.99
  8.00  8.23
  8.00  7.95
  8.00  7.95
  8.00  7.90
  8.00  7.95
  8.00  7.99
  8.00  7.99
  8.00  7.95
  8.00  7.99
  8.00  8.04
  8.00  8.04
  8.00  8.04
  8.00  7.99
  8.00  7.99
  8.00  7.99
  8.00  8.04
  8.00  8.23
  8.00  7.99
  8.00  7.90
  8.00  7.90
  8.00  7.95
  8.00  7.99
  8.00  7.99
  8.00  8.04
  8.00  7.99
  8.00  7.99
  8.00  7.99
  8.00  7.99
  8.00  7.99
  8.00  7.99
  8.00  8.04
  8.00  7.99
  8.00  8.18
  8.00  7.99
  8.00  7.95
  8.00  7.95
  8.00  7.95
  8.00  7.99
  8.00  7.99
  8.00  7.99
  8.00  7.99
  8.00  7.99
  8.00  7.99
  8.00  7.99
  0.00  7.99
  0.00  1.02
  0.00  -2.04
  0.00  1.39
  0.00  2.97
  0.00  0.23
  0.00  -0.65
  0.00  0.28
  0.00  0.46
  0.00  0.05
  0.00  0.00
  0.00  0.00
  0.00  0.00
  0.00  0.00
  0.00  0.00
  0.00  0.00
  0.00  0.00
  0.00  0.00
  0.00  0.00
  0.00  0.00
  0.00  0.00
  0.00  0.00
  0.00  0.00
  0.00  0.00
  0.00  0.00
  0.00  0.00
  0.00  0.00
  0.00  0.00
  0.00  0.00
  0.00  0.00
  0.00  0.00
  0.00  0.00
  0.00  0.00
  0.00  0.00
  0.00  0.00
  0.00  0.00
  0.00  0.00
  0.00  0.00
  0.00  0.00
  0.00  0.00
  0.00  0.00
  0.00  0.00
  0.00  0.00
  0.00  0.00
  0.00  0.00
  0.00  0.00
  0.00  0.00
  0.00  0.00
  0.00  0.00
  0.00  0.00
  0.00  0.00
  0.00  0.00
  0.00  0.00
  0.00  0.00
  0.00  0.00
  0.00  0.00
  0.00  0.00
  0.00  0.00
  0.00  0.00
  0.00  0.00
  0.00  0.00
