 2.00 0.00  0.02
 2.00 1.78  0.04
 2.00 2.66  0.06
 2.00 1.08  0.08
 2.00 0.60  0.10
 2.00 1.21  0.12
 2.00 1.52  0.14
 2.00 1.37  0.16
 2.00 1.26  0.18
 2.00 1.24  0.20
 2.00 1.29  0.22
 2.00 1.37  0.24
 2.00 1.41  0.26
 2.00 1.46  0.28
 2.00 1.47  0.30
 2.00 1.50  0.32
 2.00 1.52  0.34
 2.00 1.52  0.36
 2.00 1.54  0.38
 2.00 1.53  0.40
 2.00 1.54  0.42
 2.00 1.55  0.44
 2.00 1.55  0.46
 2.00 1.56  0.48
 2.00 1.57  0.50
 2.00 1.57  0.52
 2.00 1.58  0.54
 2.00 1.58  0.56
 2.00 1.60  0.58
 2.00 1.61  0.60
 2.00 1.61  0.62
 2.00 1.61  0.64
 2.00 1.61  0.66
 2.00 1.63  0.68
 2.00 1.63  0.70
 2.00 1.64  0.72
 2.00 1.64  0.74
 2.00 1.65  0.76
 2.00 1.66  0.78
 2.00 1.66  0.80
 2.00 1.66  0.82
 2.00 1.67  0.84
 2.00 1.68  0.86
 2.00 1.69  0.88
 2.00 1.69  0.90
 2.00 1.69  0.92
 2.00 1.70  0.94
 2.00 1.70  0.96
 2.00 1.71  0.98
 2.00 1.70  1.00
 2.00 1.72  1.02
 2.00 1.72  1.04
 2.00 1.73  1.06
 2.00 1.73  1.08
 2.00 1.74  1.10
 2.00 1.74  1.12
 2.00 1.75  1.14
 2.00 1.74  1.16
 2.00 1.75  1.18
 2.00 1.74  1.20
 2.00 1.75  1.22
 2.00 1.75  1.24
 2.00 1.76  1.26
 2.00 1.76  1.28
 2.00 1.77  1.30
 2.00 1.78  1.32
 2.00 1.79  1.34
 2.00 1.79  1.36
 2.00 1.79  1.38
 2.00 1.80  1.40
 2.00 1.80  1.42
 2.00 1.81  1.44
 2.00 1.81  1.46
 2.00 1.81  1.48
 2.00 1.81  1.50
 2.00 1.82  1.52
 2.00 1.82  1.54
 2.00 1.83  1.56
 2.00 1.83  1.58
 2.00 1.83  1.60
 2.00 1.84  1.62
 2.00 1.83  1.64
 2.00 1.83  1.66
 2.00 1.84  1.68
 2.00 1.84  1.70
 2.00 1.84  1.72
 2.00 1.85  1.74
 2.00 1.85  1.76
 2.00 1.85  1.78
 2.00 1.85  1.80
 2.00 1.86  1.82
 2.00 1.86  1.84
 2.00 1.86  1.86
 2.00 1.86  1.88
 2.00 1.87  1.90
 2.00 1.87  1.92
 2.00 1.87  1.94
 2.00 1.87  1.96
 2.00 1.87  1.98
 2.00 1.87  2.00
 2.00 1.88  2.02
 2.00 1.88  2.04
 2.00 1.88  2.06
 2.00 1.89  2.08
 2.00 1.89  2.10
 2.00 1.89  2.12
 2.00 1.89  2.14
 2.00 1.90  2.16
 2.00 1.89  2.18
 2.00 1.90  2.20
 2.00 1.90  2.22
 2.00 1.90  2.24
 2.00 1.90  2.26
 2.00 1.90  2.28
 2.00 1.90  2.30
 2.00 1.90  2.32
 2.00 1.91  2.34
 2.00 1.91  2.36
 2.00 1.91  2.38
 2.00 1.91  2.40
 2.00 1.91  2.42
 2.00 1.91  2.44
 2.00 1.91  2.46
 2.00 1.91  2.48
 2.00 1.91  2.50
 2.00 1.91  2.52
 2.00 1.92  2.54
 2.00 1.91  2.56
 2.00 1.92  2.58
 2.00 1.92  2.60
 2.00 1.92  2.62
 2.00 1.92  2.64
 2.00 1.92  2.66
 2.00 1.93  2.68
 2.00 1.93  2.70
 2.00 1.93  2.72
 2.00 1.93  2.74
 2.00 1.93  2.76
 2.00 1.93  2.78
 2.00 1.94  2.80
 2.00 1.93  2.82
 2.00 1.94  2.84
 2.00 1.94  2.86
 2.00 1.94  2.88
 2.00 1.94  2.90
 2.00 1.94  2.92
 2.00 1.95  2.94
 2.00 1.94  2.96
 2.00 1.95  2.98
 2.00 1.95  3.00
 2.00 1.95  3.02
 2.00 1.95  3.04
 2.00 1.95  3.06
 2.00 1.95  3.08
 2.00 1.95  3.10
 2.00 1.95  3.12
 2.00 1.95  3.14
 2.00 1.95  3.16
 2.00 1.96  3.18
 2.00 1.96  3.20
 2.00 1.96  3.22
 2.00 1.96  3.24
 2.00 1.96  3.26
 2.00 1.96  3.28
 2.00 1.96  3.30
 2.00 1.96  3.32
 2.00 1.96  3.34
 2.00 1.96  3.36
 2.00 1.96  3.38
 2.00 1.97  3.40
 2.00 1.96  3.42
 2.00 1.97  3.44
 2.00 1.97  3.46
 2.00 1.97  3.48
 2.00 1.97  3.50
 2.00 1.97  3.52
 2.00 1.97  3.54
 2.00 1.97  3.56
 2.00 1.97  3.58
 2.00 1.97  3.60
 2.00 1.97  3.62
 2.00 1.97  3.64
 2.00 1.97  3.66
 2.00 1.97  3.68
 2.00 1.97  3.70
 2.00 1.97  3.72
 2.00 1.97  3.74
 2.00 1.97  3.76
 2.00 1.97  3.78
 2.00 1.97  3.80
 2.00 1.97  3.82
 2.00 1.97  3.84
 2.00 1.97  3.86
 2.00 1.97  3.88
 2.00 1.97  3.90
 2.00 1.97  3.92
 2.00 1.97  3.94
 2.00 1.98  3.96
 2.00 1.97  3.98
 2.00 1.98  4.00
 2.00 1.98  4.02
 2.00 1.98  4.04
 2.00 1.98  4.06
 2.00 1.98  4.08
 2.00 1.98  4.10
 2.00 1.98  4.12
 2.00 1.98  4.14
 2.00 1.98  4.16
 2.00 1.98  4.18
 2.00 1.98  4.20
 2.00 1.98  4.22
 2.00 1.98  4.24
 2.00 1.98  4.26
 2.00 1.98  4.28
 2.00 1.98  4.30
 2.00 1.98  4.32
 2.00 1.98  4.34
 2.00 1.98  4.36
 2.00 1.98  4.38
 2.00 1.98  4.40
 2.00 1.98  4.42
 2.00 1.98  4.44
 2.00 1.98  4.46
 2.00 1.99  4.48
 2.00 1.99  4.50
 2.00 1.99  4.52
 2.00 1.99  4.54
 2.00 1.99  4.56
 2.00 1.99  4.58
 2.00 1.99  4.60
 2.00 1.99  4.62
 2.00 1.99  4.64
 2.00 1.99  4.66
 2.00 1.99  4.68
 2.00 1.99  4.70
 2.00 1.99  4.72
 2.00 1.99  4.74
 2.00 1.99  4.76
 2.00 1.99  4.78
 2.00 1.99  4.80
 2.00 1.99  4.82
 2.00 1.99  4.84
 2.00 1.99  4.86
 2.00 1.98  4.88
 2.00 1.99  4.90
 2.00 1.99  4.92
 2.00 1.99  4.94
 2.00 1.99  4.96
 2.00 1.99  4.98
 2.00 1.99  5.00
 2.00 1.99  5.02
 2.00 1.99  5.04
 2.00 1.99  5.06
 2.00 1.99  5.08
 2.00 1.99  5.10
 2.00 1.99  5.12
 2.00 1.99  5.14
 2.00 1.99  5.16
 2.00 1.99  5.18
 2.00 1.99  5.20
 2.00 1.99  5.22
 2.00 1.99  5.24
 2.00 1.99  5.26
 2.00 1.99  5.28
 2.00 1.99  5.30
 2.00 1.99  5.32
 2.00 1.98  5.34
 2.00 1.99  5.36
 2.00 1.99  5.38
 2.00 1.99  5.40
 2.00 1.99  5.42
 2.00 1.99  5.44
 2.00 1.99  5.46
 2.00 1.99  5.48
 2.00 1.99  5.50
 2.00 1.99  5.52
 2.00 1.99  5.54
 2.00 1.99  5.56
 2.00 1.99  5.58
 2.00 1.99  5.60
 2.00 1.99  5.62
 2.00 1.99  5.64
 2.00 1.99  5.66
 2.00 1.99  5.68
 2.00 1.99  5.70
 2.00 1.99  5.72
 2.00 1.99  5.74
 2.00 1.99  5.76
 2.00 1.99  5.78
 2.00 1.99  5.80
 2.00 1.99  5.82
 2.00 1.99  5.84
 2.00 1.99  5.86
 2.00 1.99  5.88
 2.00 1.99  5.90
 2.00 1.99  5.92
 2.00 1.99  5.94
 2.00 1.99  5.96
 2.00 1.99  5.98
 2.00 1.99  6.00
 2.00 1.99  6.02
 2.00 1.99  6.04
 2.00 1.99  6.06
 2.00 1.99  6.08
 2.00 1.99  6.10
 2.00 1.99  6.12
 2.00 1.99  6.14
 2.00 1.99  6.16
 2.00 1.99  6.18
 2.00 1.99  6.20
 2.00 1.99  6.22
 2.00 1.99  6.24
 2.00 1.99  6.26
 2.00 1.99  6.28
 2.00 1.99  6.30
 2.00 1.99  6.32
 2.00 1.99  6.34
 2.00 1.99  6.36
 2.00 1.99  6.38
 2.00 1.99  6.40
 2.00 1.99  6.42
 2.00 2.00  6.44
 2.00 1.99  6.46
 2.00 1.99  6.48
 2.00 1.99  6.50
 2.00 1.99  6.52
 2.00 1.99  6.54
 2.00 1.99  6.56
 2.00 1.99  6.58
 2.00 1.99  6.60
 2.00 1.99  6.62
 2.00 1.99  6.64
 2.00 1.99  6.66
 2.00 1.99  6.68
 2.00 1.99  6.70
 2.00 1.99  6.72
 2.00 2.00  6.74
 2.00 1.99  6.76
 2.00 2.00  6.78
 2.00 2.00  6.80
 2.00 2.00  6.82
 2.00 1.99  6.84
 2.00 1.99  6.86
 2.00 1.99  6.88
 2.00 2.00  6.90
 2.00 1.99  6.92
 2.00 2.00  6.94
 2.00 2.00  6.96
 2.00 1.99  6.98
 2.00 1.99  7.00
 2.00 1.99  7.02
 2.00 1.99  7.04
 2.00 2.00  7.06
 2.00 2.00  7.08
 2.00 1.99  7.10
 2.00 2.00  7.12
 2.00 2.00  7.14
 2.00 2.00  7.16
 2.00 2.00  7.18
 2.00 2.00  7.20
 2.00 2.00  7.22
 2.00 2.00  7.24
 2.00 2.00  7.26
 2.00 2.00  7.28
 2.00 2.00  7.30
 2.00 2.00  7.32
 2.00 2.00  7.34
 2.00 2.00  7.36
 2.00 2.00  7.38
 2.00 2.00  7.40
 2.00 2.00  7.42
 2.00 2.00  7.44
 2.00 2.00  7.46
 2.00 1.99  7.48
 2.00 2.00  7.50
