0.7524999976158142,
0.7494999766349792,
0.7455000281333923,
0.6912500262260437,
0.6817499995231628,
0.6965000033378601,
0.7505000233650208,
0.75,
0.7522500157356262,
inf,
0.621749997138977,
0.6234999895095825,
0.6230000257492065,
0.6265000104904175,
0.6330000162124634,
inf,
inf,
0.9269999861717224,
0.9440000057220459,
0.9602500200271606,
0.9815000295639038,
0.9792500138282776,
inf,
0.9605000019073486,
0.965749979019165,
0.9674999713897705,
0.9992499947547913,
1.0092500448226929,
1.055999994277954,
1.0605000257492065,
1.065250039100647,
1.0759999752044678,
1.1019999980926514,
1.118499994277954,
1.1234999895095825,
1.1302499771118164,
1.1425000429153442,
1.1660000085830688,
1.187999963760376,
1.2204999923706055,
inf,
inf,
inf,
1.2882499694824219,
1.2065000534057617,
1.1462500095367432,
inf,
1.1437499523162842,
1.1487499475479126,
1.158750057220459,
1.2262500524520874,
1.3179999589920044,
1.2882499694824219,
1.2795000076293945,
1.28125,
1.2170000076293945,
1.2207499742507935,
1.2345000505447388,
1.3012499809265137,
1.6127500534057617,
1.600250005722046,
1.596750020980835,
1.7062499523162842,
inf,
inf,
inf,
inf,
inf,
inf,
inf,
inf,
2.8812499046325684,
inf,
inf,
inf,
inf,
3.8405001163482666,
inf,
4.249000072479248,
4.043000221252441,
inf,
inf,
inf,
inf,
inf,
inf,
inf,
inf,
inf,
5.926000118255615,
6.00724983215332,
6.008999824523926,
inf,
5.596250057220459,
5.4085001945495605,
inf,
1.2654999494552612,
1.2697499990463257,
1.2707500457763672,
1.277250051498413,
1.2795000076293945,
1.28125,
inf,
1.2827500104904175,
1.287500023841858,
1.096250057220459,
inf,
inf,
inf,
inf,
inf,
inf,
inf,
inf,
inf,
inf,
inf,
inf,
inf,
0.1289999932050705,
0.12999999523162842,
0.132750004529953,
inf,
inf,
inf,
inf,
inf,
inf,
inf,
0.12999999523162842,
0.13050000369548798,
0.13224999606609344,
0.13300000131130219,
inf,
inf,
inf,
inf,
inf,
inf,
inf,
inf,
inf,
inf,
inf,
inf,
0.36274999380111694,
inf,
0.28575000166893005,
inf,
0.28299999237060547,
0.2787500023841858,
0.26649999618530273,
0.27425000071525574,
0.27924999594688416,
inf,
0.27900001406669617,
0.27799999713897705,
0.27674999833106995,
0.27524998784065247,
inf,
0.273499995470047,
0.27125000953674316,
inf,
0.27175000309944153,
0.2902500033378601,
0.29225000739097595,
0.27399998903274536,
0.27524998784065247,
inf,
0.27649998664855957,
inf,
0.3187499940395355,
0.32899999618530273,
0.33550000190734863,
0.34575000405311584,
0.5132499933242798,
0.49175000190734863,
0.46024999022483826,
inf,
0.4412499964237213,
0.4320000112056732,
0.42649999260902405,
0.42124998569488525,
0.41499999165534973,
0.40674999356269836,
0.4020000100135803,
0.4012500047683716,
0.4025000035762787,
inf,
0.3919999897480011,
0.38999998569488525,
0.382999986410141,
0.3762499988079071,
0.3700000047683716,
0.36399999260902405,
0.359250009059906,
0.3697499930858612,
inf,
0.36550000309944153,
0.351500004529953,
0.32774999737739563,
inf,
0.3019999861717224,
0.2770000100135803,
0.27000001072883606,
inf,
0.2680000066757202,
0.35350000858306885,
0.35374999046325684,
0.35475000739097595,
inf,
0.35874998569488525,
inf,
0.36149999499320984,
inf,
inf,
inf,
inf,
inf,
inf,
inf,
inf,
inf,
inf,
inf,
inf,
inf,
inf,
inf,
inf,
inf,
inf,
inf,
inf,
inf,
inf,
inf,
inf,
inf,
inf,
inf,
inf,
inf,
inf,
inf,
inf,
inf,
inf,
inf,
inf,
inf,
inf,
inf,
inf,
0.7875000238418579,
inf,
0.7785000205039978,
0.7724999785423279,
0.7702500224113464,
0.7662500143051147,
inf,
0.765749990940094,
0.7612500190734863,
inf,
inf,
0.7789999842643738,
0.7317500114440918,
0.7557500004768372,
0.7492499947547913,
0.7367500066757202,
inf,
0.7237499952316284,
0.7352499961853027,
inf,
inf,
inf,
inf,
inf,
inf,
0.903249979019165,
0.903249979019165,
inf,
0.9277499914169312,
inf,
inf,
0.9652500152587891,
0.9247499704360962,
0.9275000095367432,
0.9350000023841858,
0.9607499837875366,
0.9667500257492065,
0.9710000157356262,
0.9760000109672546,
0.9912499785423279,
0.9942499995231628,
1.006500005722046,
1.0080000162124634,
inf,
1.0199999809265137,
1.0322500467300415,
1.0394999980926514,
1.0527499914169312,
1.0572500228881836,
1.0727499723434448,
1.0752500295639038,
1.0805000066757202,
1.1057499647140503,
1.2932499647140503,
inf,
1.1372499465942383,
inf,
1.5577499866485596,
1.5479999780654907,
inf,
inf,
inf,
0.9302499890327454,
0.9185000061988831,
0.9037500023841858,
0.9419999718666077,
0.9200000166893005,
0.9150000214576721,
0.8992499709129333,
0.8842499852180481,
inf,
0.8734999895095825,
0.8797500133514404,
0.8579999804496765,
0.8644999861717224,
0.8537499904632568,
0.8387500047683716,
0.8379999995231628,
0.8292499780654907,
0.8195000290870667,
0.8102499842643738,
inf,
0.7087500095367432,
0.6997500061988831,
0.6932500004768372,
0.6890000104904175,
0.6800000071525574,
0.6747499704360962,
0.6682500243186951,
0.6650000214576721,
0.7512500286102295,
0.7799999713897705,
0.8209999799728394,
0.8489999771118164,
0.777999997138977,
0.7752500176429749,
0.7724999785423279,
0.7680000066757202,
0.765999972820282,
inf,
0.7622500061988831,
0.7590000033378601,
0.7562500238418579,
0.7559999823570251,
0.7527499794960022,
0.753000020980835
