 2.0.00 0.00  99.12
 0.00 0.00  99.14
 0.00 0.00  99.16
 0.00 0.00  99.18
 0.00  99.06
 0.00 0.00  99.08
 0.00 0.00  99.10
 0.00 0.00  99.12
 0.00 0.00  99.14
 0.00 0.00  99.16
 0.00 0.00  99.18
 2.00 0.00  0.02
 2.00 1.51  0.04
 2.00 2.11  0.06
 2.00 0.67  0.08
 2.00 0.57  0.10
 2.00 1.32  0.12
 2.00 1.59  0.14
 2.00 1.37  0.16
 2.00 1.25  0.18
 2.00 1.27  0.20
 2.00 1.33  0.22
 2.00 1.39  0.24
 2.00 1.43  0.26
 2.00 1.47  0.28
 2.00 1.47  0.30
 2.00 1.49  0.32
 2.00 1.50  0.34
 2.00 1.48  0.36
 2.00 1.50  0.38
 2.00 1.49  0.40
 2.00 1.50  0.42
 2.00 1.50  0.44
 2.00 1.51  0.46
 2.00 1.50  0.48
 2.00 1.51  0.50
 2.00 1.53  0.52
 2.00 1.53  0.54
 2.00 1.53  0.56
 2.00 1.55  0.58
 2.00 1.55  0.60
 2.00 1.55  0.62
 2.00 1.55  0.64
 2.00 1.56  0.66
 2.00 1.56  0.68
 2.00 1.56  0.70
 2.00 1.57  0.72
 2.00 1.57  0.74
 2.00 1.58  0.76
 2.00 1.58  0.78
 2.00 1.58  0.80
 2.00 1.58  0.82
 2.00 1.60  0.84
 2.00 1.59  0.86
 2.00 1.60  0.88
 2.00 1.60  0.90
 2.00 1.61  0.92
 2.00 1.61  0.94
 2.00 1.62  0.96
 2.00 1.63  0.98
 2.00 1.62  1.00
 2.00 1.62  1.02
 2.00 1.63  1.04
 2.00 1.63  1.06
 2.00 1.63  1.08
 2.00 1.64  1.10
 2.00 1.64  1.12
 2.00 1.65  1.14
 2.00 1.65  1.16
 2.00 1.66  1.18
 2.00 1.66  1.20
 2.00 1.66  1.22
 2.00 1.66  1.24
 2.00 1.67  1.26
 2.00 1.67  1.28
 2.00 1.67  1.30
 2.00 1.68  1.32
 2.00 1.68  1.34
 2.00 1.69  1.36
 2.00 1.69  1.38
 2.00 1.69  1.40
 2.00 1.69  1.42
 2.00 1.69  1.44
 2.00 1.70  1.46
 2.00 1.70  1.48
 2.00 1.70  1.50
 2.00 1.71  1.52
 2.00 1.71  1.54
 2.00 1.72  1.56
 2.00 1.72  1.58
 2.00 1.72  1.60
 2.00 1.73  1.62
 2.00 1.73  1.64
 2.00 1.73  1.66
 2.00 1.73  1.68
 2.00 1.74  1.70
 2.00 1.73  1.72
 2.00 1.74  1.74
 2.00 1.74  1.76
 2.00 1.75  1.78
 2.00 1.75  1.80
 2.00 1.75  1.82
 2.00 1.75  1.84
 2.00 1.76  1.86
 2.00 1.75  1.88
 2.00 1.76  1.90
 2.00 1.76  1.92
 2.00 1.76  1.94
 2.00 1.76  1.96
 2.00 1.76  1.98
 2.00 1.76  2.00
 2.00 1.76  2.02
 2.00 1.77  2.04
 2.00 1.77  2.06
 2.00 1.78  2.08
 2.00 1.78  2.10
 2.00 1.78  2.12
 2.00 1.78  2.14
 2.00 1.79  2.16
 2.00 1.78  2.18
 2.00 1.79  2.20
 2.00 1.79  2.22
 2.00 1.79  2.24
 2.00 1.80  2.26
 2.00 1.79  2.28
 2.00 1.80  2.30
 2.00 1.80  2.32
 2.00 1.81  2.34
 2.00 1.80  2.36
 2.00 1.81  2.38
 2.00 1.81  2.40
 2.00 1.81  2.42
 2.00 1.81  2.44
 2.00 1.81  2.46
 2.00 1.81  2.48
 2.00 1.82  2.50
 2.00 1.82  2.52
 2.00 1.82  2.54
 2.00 1.82  2.56
 2.00 1.82  2.58
 2.00 1.83  2.60
 2.00 1.83  2.62
 2.00 1.83  2.64
 2.00 1.83  2.66
 2.00 1.84  2.68
 2.00 1.84  2.70
 2.00 1.84  2.72
 2.00 1.84  2.74
 2.00 1.84  2.76
 2.00 1.84  2.78
 2.00 1.85  2.80
 2.00 1.84  2.82
 2.00 1.85  2.84
 2.00 1.85  2.86
 2.00 1.85  2.88
 2.00 1.85  2.90
 2.00 1.85  2.92
 2.00 1.85  2.94
 2.00 1.85  2.96
 2.00 1.85  2.98
 2.00 1.85  3.00
 2.00 1.86  3.02
 2.00 1.86  3.04
 2.00 1.86  3.06
 2.00 1.86  3.08
 2.00 1.86  3.10
 2.00 1.86  3.12
 2.00 1.86  3.14
 2.00 1.86  3.16
 2.00 1.87  3.18
 2.00 1.87  3.20
 2.00 1.87  3.22
 2.00 1.87  3.24
 2.00 1.87  3.26
 2.00 1.87  3.28
 2.00 1.87  3.30
 2.00 1.88  3.32
 2.00 1.88  3.34
 2.00 1.88  3.36
 2.00 1.88  3.38
 2.00 1.88  3.40
 2.00 1.88  3.42
 2.00 1.88  3.44
 2.00 1.89  3.46
 2.00 1.89  3.48
 2.00 1.89  3.50
 2.00 1.89  3.52
 2.00 1.89  3.54
 2.00 1.89  3.56
 2.00 1.89  3.58
 2.00 1.89  3.60
 2.00 1.89  3.62
 2.00 1.89  3.64
 2.00 1.89  3.66
 2.00 1.90  3.68
 2.00 1.90  3.70
 2.00 1.90  3.72
 2.00 1.90  3.74
 2.00 1.90  3.76
 2.00 1.90  3.78
 2.00 1.90  3.80
 2.00 1.90  3.82
 2.00 1.90  3.84
 2.00 1.90  3.86
 2.00 1.91  3.88
 2.00 1.91  3.90
 2.00 1.91  3.92
 2.00 1.91  3.94
 2.00 1.91  3.96
 2.00 1.91  3.98
 2.00 1.91  4.00
 2.00 1.91  4.02
 2.00 1.91  4.04
 2.00 1.91  4.06
 2.00 1.92  4.08
 2.00 1.91  4.10
 2.00 1.92  4.12
 2.00 1.92  4.14
 2.00 1.92  4.16
 2.00 1.92  4.18
 2.00 1.92  4.20
 2.00 1.92  4.22
 2.00 1.92  4.24
 2.00 1.92  4.26
 2.00 1.92  4.28
 2.00 1.93  4.30
 2.00 1.93  4.32
 2.00 1.93  4.34
 2.00 1.93  4.36
 2.00 1.93  4.38
 2.00 1.93  4.40
 2.00 1.93  4.42
 2.00 1.93  4.44
 2.00 1.93  4.46
 2.00 1.93  4.48
 2.00 1.94  4.50
 2.00 1.94  4.52
 2.00 1.94  4.54
 2.00 1.94  4.56
 2.00 1.94  4.58
 2.00 1.94  4.60
 2.00 1.94  4.62
 2.00 1.94  4.64
 2.00 1.94  4.66
 2.00 1.94  4.68
 2.00 1.94  4.70
 2.00 1.94  4.72
 2.00 1.94  4.74
 2.00 1.94  4.76
 2.00 1.94  4.78
 2.00 1.95  4.80
 2.00 1.95  4.82
 2.00 1.95  4.84
 2.00 1.95  4.86
 2.00 1.95  4.88
 2.00 1.95  4.90
 2.00 1.95  4.92
 2.00 1.95  4.94
 2.00 1.95  4.96
 2.00 1.95  4.98
 2.00 1.95  5.00
 2.00 1.95  5.02
 2.00 1.95  5.04
 2.00 1.95  5.06
 2.00 1.95  5.08
 2.00 1.95  5.10
 2.00 1.95  5.12
 2.00 1.95  5.14
 2.00 1.95  5.16
 2.00 1.95  5.18
 2.00 1.95  5.20
 2.00 1.95  5.22
 2.00 1.96  5.24
 2.00 1.95  5.26
 2.00 1.95  5.28
 2.00 1.95  5.30
 2.00 1.95  5.32
 2.00 1.95  5.34
 2.00 1.96  5.36
 2.00 1.95  5.38
 2.00 1.96  5.40
 2.00 1.96  5.42
 2.00 1.96  5.44
 2.00 1.96  5.46
 2.00 1.96  5.48
 2.00 1.96  5.50
 2.00 1.96  5.52
 2.00 1.96  5.54
 2.00 1.96  5.56
 2.00 1.96  5.58
 2.00 1.96  5.60
 2.00 1.96  5.62
 2.00 1.96  5.64
 2.00 1.96  5.66
 2.00 1.96  5.68
 2.00 1.96  5.70
 2.00 1.96  5.72
 2.00 1.96  5.74
 2.00 1.96  5.76
 2.00 1.96  5.78
 2.00 1.96  5.80
 2.00 1.96  5.82
 2.00 1.96  5.84
 2.00 1.96  5.86
 2.00 1.96  5.88
 2.00 1.96  5.90
 2.00 1.96  5.92
 2.00 1.96  5.94
 2.00 1.96  5.96
 2.00 1.96  5.98
 2.00 1.96  6.00
 2.00 1.96  6.02
 2.00 1.96  6.04
 2.00 1.96  6.06
 2.00 1.96  6.08
 2.00 1.97  6.10
 2.00 1.96  6.12
 2.00 1.97  6.14
 2.00 1.96  6.16
 2.00 1.96  6.18
 2.00 1.96  6.20
 2.00 1.96  6.22
 2.00 1.96  6.24
 2.00 1.97  6.26
 2.00 1.96  6.28
 2.00 1.97  6.30
 2.00 1.96  6.32
 2.00 1.97  6.34
 2.00 1.97  6.36
 2.00 1.97  6.38
 2.00 1.97  6.40
 2.00 1.97  6.42
 2.00 1.97  6.44
 2.00 1.97  6.46
 2.00 1.97  6.48
 2.00 1.97  6.50
 2.00 1.97  6.52
 2.00 1.97  6.54
 2.00 1.97  6.56
 2.00 1.97  6.58
 2.00 1.97  6.60
 2.00 1.97  6.62
 2.00 1.97  6.64
 2.00 1.97  6.66
 2.00 1.97  6.68
 2.00 1.97  6.70
 2.00 1.97  6.72
 2.00 1.97  6.74
 2.00 1.97  6.76
 2.00 1.97  6.78
 2.00 1.97  6.80
 2.00 1.97  6.82
 2.00 1.97  6.84
 2.00 1.97  6.86
 2.00 1.97  6.88
 2.00 1.97  6.90
 2.00 1.97  6.92
 2.00 1.97  6.94
 2.00 1.97  6.96
 2.00 1.97  6.98
 2.00 1.97  7.00
 2.00 1.97  7.02
 2.00 1.97  7.04
 2.00 1.97  7.06
 2.00 1.97  7.08
 2.00 1.97  7.10
 2.00 1.98  7.12
 2.00 1.97  7.14
 2.00 1.98  7.16
 2.00 1.97  7.18
 2.00 1.97  7.20
 2.00 1.97  7.22
 2.00 1.97  7.24
 2.00 1.98  7.26
 2.00 1.98  7.28
 2.00 1.97  7.30
 2.00 1.97  7.32
 2.00 1.97  7.34
 2.00 1.97  7.36
 2.00 1.97  7.38
 2.00 1.97  7.40
 2.00 1.97  7.42
 2.00 1.97  7.44
 2.00 1.98  7.46
 2.00 1.98  7.48
 2.00 1.98  7.50
 2.00 1.97  7.52
 2.00 1.97  7.54
 2.00 1.97  7.56
 2.00 1.97  7.58
 2.00 1.97  7.60
 2.00 1.97  7.62
 2.00 1.97  7.64
 2.00 1.97  7.66
 2.00 1.97  7.68
 2.00 1.97  7.70
 2.00 1.98  7.72
 2.00 1.97  7.74
 2.00 1.98  7.76
 2.00 1.98  7.78
 2.00 1.98  7.80
 2.00 1.98  7.82
 2.00 1.98  7.84
 2.00 1.98  7.86
 2.00 1.98  7.88
 2.00 1.98  7.90
 2.00 1.98  7.92
 2.00 1.98  7.94
 2.00 1.98  7.96
 2.00 1.98  7.98
 2.00 1.98  8.00
 2.00 1.98  8.02
 2.00 1.98  8.04
 2.00 1.98  8.06
 2.00 1.98  8.08
 2.00 1.98  8.10
 2.00 1.98  8.12
 2.00 1.98  8.14
 2.00 1.98  8.16
 2.00 1.98  8.18
 2.00 1.98  8.20
 2.00 1.98  8.22
 2.00 1.98  8.24
 2.00 1.98  8.26
 2.00 1.98  8.28
 2.00 1.98  8.30
 2.00 1.98  8.32
 2.00 1.98  8.34
 2.00 1.99  8.36
 2.00 1.98  8.38
 2.00 1.99  8.40
 2.00 1.98  8.42
 2.00 1.98  8.44
 2.00 1.98  8.46
 2.00 1.99  8.48
 2.00 1.99  8.50
 2.00 1.99  8.52
 2.00 1.99  8.54
 2.00 1.99  8.56
 2.00 1.99  8.58
 2.00 1.99  8.60
 2.00 1.99  8.62
 2.00 1.99  8.64
 2.00 1.99  8.66
 2.00 1.99  8.68
 2.00 1.99  8.70
 2.00 1.99  8.72
 2.00 1.99  8.74
 2.00 1.99  8.76
 2.00 1.99  8.78
 2.00 1.99  8.80
 2.00 1.99  8.82
 2.00 1.99  8.84
 2.00 1.99  8.86
 2.00 1.99  8.88
 2.00 1.99  8.90
 2.00 1.99  8.92
 2.00 1.99  8.94
 2.00 1.99  8.96
 2.00 1.99  8.98
 2.00 1.99  9.00
 2.00 1.99  9.02
 2.00 1.99  9.04
 2.00 1.99  9.06
 2.00 1.99  9.08
 2.00 1.99  9.10
 2.00 1.99  9.12
 2.00 1.99  9.14
 2.00 1.99  9.16
 2.00 1.99  9.18
 2.00 1.99  9.20
 2.00 1.99  9.22
 2.00 1.99  9.24
 2.00 1.98  9.26
 2.00 1.99  9.28
 2.00 1.99  9.30
 2.00 1.99  9.32
 2.00 1.99  9.34
 2.00 1.99  9.36
 2.00 1.99  9.38
 2.00 1.99  9.40
 2.00 1.99  9.42
 2.00 1.99  9.44
 2.00 1.99  9.46
 2.00 1.99  9.48
 2.00 1.99  9.50
 2.00 1.99  9.52
 2.00 1.99  9.54
 2.00 1.99  9.56
 2.00 1.99  9.58
 2.00 1.99  9.60
 2.00 1.99  9.62
 2.00 1.99  9.64
 2.00 1.99  9.66
 2.00 1.99  9.68
 2.00 1.99  9.70
 2.00 1.99  9.72
 2.00 1.99  9.74
 2.00 1.99  9.76
 2.00 1.99  9.78
 2.00 1.99  9.80
 2.00 1.99  9.82
 2.00 1.99  9.84
 2.00 1.99  9.86
 2.00 1.99  9.88
 2.00 1.99  9.90
 2.00 1.99  9.92
 2.00 1.99  9.94
 2.00 1.99  9.96
 2.00 1.99  9.98
 2.00 1.99  10.00
 2.00 1.99  10.02
 1.99 1.99  10.04
 1.98 1.99  10.06
 1.97 1.99  10.08
 1.96 1.99  10.10
 1.95 1.98  10.12
 1.94 1.98  10.14
 1.93 1.98  10.16
 1.92 1.97  10.18
 1.91 1.97  10.20
 1.90 1.96  10.22
 1.89 1.96  10.24
 1.88 1.95  10.26
 1.87 1.95  10.28
 1.86 1.94  10.30
 1.85 1.93  10.32
 1.84 1.93  10.34
 1.83 1.92  10.36
 1.82 1.91  10.38
 1.81 1.90  10.40
 1.80 1.89  10.42
 1.79 1.89  10.44
 1.78 1.88  10.46
 1.77 1.87  10.48
 1.76 1.86  10.50
 1.75 1.86  10.52
 1.74 1.85  10.54
 1.73 1.84  10.56
 1.72 1.83  10.58
 1.71 1.82  10.60
 1.70 1.81  10.62
 1.69 1.80  10.64
 1.68 1.79  10.66
 1.67 1.78  10.68
 1.66 1.77  10.70
 1.65 1.76  10.72
 1.64 1.75  10.74
 1.63 1.74  10.76
 1.62 1.73  10.78
 1.61 1.72  10.80
 1.60 1.71  10.82
 1.59 1.70  10.84
 1.58 1.69  10.86
 1.57 1.68  10.88
 1.56 1.67  10.90
 1.55 1.67  10.92
 1.54 1.66  10.94
 1.53 1.65  10.96
 1.52 1.64  10.98
 1.51 1.63  11.00
 1.50 1.62  11.02
 1.49 1.61  11.04
 1.48 1.60  11.06
 1.47 1.59  11.08
 1.46 1.58  11.10
 1.45 1.57  11.12
 1.44 1.56  11.14
 1.43 1.55  11.16
 1.42 1.54  11.18
 1.41 1.53  11.20
 1.40 1.52  11.22
 1.39 1.51  11.24
 1.38 1.50  11.26
 1.37 1.49  11.28
 1.36 1.48  11.30
 1.35 1.47  11.32
 1.34 1.46  11.34
 1.33 1.45  11.36
 1.32 1.44  11.38
 1.31 1.44  11.40
 1.30 1.43  11.42
 1.29 1.42  11.44
 1.28 1.41  11.46
 1.27 1.40  11.48
 1.26 1.39  11.50
 1.25 1.38  11.52
 1.24 1.37  11.54
 1.23 1.36  11.56
 1.22 1.35  11.58
 1.21 1.34  11.60
 1.20 1.33  11.62
 1.19 1.32  11.64
 1.18 1.31  11.66
 1.17 1.30  11.68
 1.16 1.29  11.70
 1.15 1.28  11.72
 1.14 1.27  11.74
 1.13 1.26  11.76
 1.12 1.25  11.78
 1.11 1.24  11.80
 1.10 1.23  11.82
 1.09 1.22  11.84
 1.08 1.21  11.86
 1.07 1.20  11.88
 1.06 1.19  11.90
 1.05 1.19  11.92
 1.04 1.18  11.94
 1.03 1.16  11.96
 1.02 1.16  11.98
 1.01 1.15  12.00
 1.00 1.14  12.02
 0.99 1.13  12.04
 0.98 1.12  12.06
 0.97 1.11  12.08
 0.96 1.10  12.10
 0.95 1.09  12.12
 0.94 1.08  12.14
 0.93 1.07  12.16
 0.92 1.06  12.18
 0.91 1.05  12.20
 0.90 1.04  12.22
 0.89 1.03  12.24
 0.88 1.02  12.26
 0.87 1.01  12.28
 0.86 1.00  12.30
 0.85 0.99  12.32
 0.84 0.98  12.34
 0.83 0.97  12.36
 0.82 0.96  12.38
 0.81 0.95  12.40
 0.80 0.94  12.42
 0.79 0.93  12.44
 0.78 0.92  12.46
 0.77 0.91  12.48
 0.76 0.91  12.50
 0.75 0.90  12.52
 0.74 0.89  12.54
 0.73 0.88  12.56
 0.72 0.87  12.58
 0.71 0.86  12.60
 0.70 0.85  12.62
 0.69 0.84  12.64
 0.68 0.83  12.66
 0.67 0.82  12.68
 0.66 0.81  12.70
 0.65 0.80  12.72
 0.64 0.79  12.74
 0.63 0.78  12.76
 0.62 0.77  12.78
 0.61 0.76  12.80
 0.60 0.75  12.82
 0.59 0.74  12.84
 0.58 0.73  12.86
 0.57 0.72  12.88
 0.56 0.71  12.90
 0.55 0.70  12.92
 0.54 0.69  12.94
 0.53 0.68  12.96
 0.52 0.67  12.98
 0.51 0.66  13.00
 0.50 0.65  13.02
 0.49 0.64  13.04
 0.48 0.63  13.06
 0.47 0.62  13.08
 0.46 0.61  13.10
 0.45 0.60  13.12
 0.44 0.59  13.14
 0.43 0.58  13.16
 0.42 0.57  13.18
 0.41 0.57  13.20
 0.40 0.56  13.22
 0.39 0.55  13.24
 0.38 0.54  13.26
 0.37 0.53  13.28
 0.36 0.52  13.30
 0.35 0.51  13.32
 0.34 0.50  13.34
 0.33 0.49  13.36
 0.32 0.48  13.38
 0.31 0.47  13.40
 0.30 0.46  13.42
 0.29 0.45  13.44
 0.28 0.44  13.46
 0.27 0.43  13.48
 0.26 0.42  13.50
 0.25 0.42  13.52
 0.24 0.40  13.54
 0.23 0.39  13.56
 0.22 0.38  13.58
 0.21 0.37  13.60
 0.20 0.37  13.62
 0.19 0.36  13.64
 0.18 0.35  13.66
 0.17 0.34  13.68
 0.16 0.33  13.70
 0.15 0.32  13.72
 0.14 0.31  13.74
 0.13 0.30  13.76
 0.12 0.29  13.78
 0.11 0.28  13.80
 0.10 0.27  13.82
 0.09 0.26  13.84
 0.08 0.25  13.86
 0.07 0.24  13.88
 0.06 0.23  13.90
 0.05 0.22  13.92
 0.04 0.21  13.94
 0.03 0.20  13.96
 0.02 0.19  13.98
 0.01 0.18  14.00
 0.00 0.17  14.02
 0.00 0.16  14.04
 0.00 0.14  14.06
 0.00 0.13  14.08
 0.00 0.12  14.10
 0.00 0.11  14.12
 0.00 0.10  14.14
 0.00 0.09  14.16
 0.00 0.08  14.18
 0.00 0.07  14.20
 0.00 0.06  14.22
 0.00 0.06  14.24
 0.00 0.05  14.26
 0.00 0.04  14.28
 0.00 0.03  14.30
 0.00 0.03  14.32
 0.00 0.03  14.34
 0.00 0.03  14.36
 0.00 0.03  14.38
 0.00 0.03  14.40
 0.00 0.03  14.42
 0.00 0.03  14.44
 0.00 0.03  14.46
 0.00 0.04  14.48
 0.00 0.04  14.50
 0.00 0.04  14.52
 0.00 0.04  14.54
 0.00 0.05  14.56
 0.00 0.05  14.58
 0.00 0.05  14.60
 0.00 0.06  14.62
 0.00 0.06  14.64
 0.00 0.06  14.66
 0.00 0.06  14.68
 0.00 0.06  14.70
 0.00 0.06  14.72
 0.00 0.07  14.74
 0.00 0.07  14.76
 0.00 0.07  14.78
 0.00 0.07  14.80
 0.00 0.07  14.82
 0.00 0.07  14.84
 0.00 0.07  14.86
 0.00 0.07  14.88
 0.00 0.07  14.90
 0.00 0.07  14.92
 0.00 0.07  14.94
 0.00 0.07  14.96
 0.00 0.07  14.98
 0.00 0.07  15.00
 0.00 0.07  15.02
 0.00 0.07  15.04
 0.00 0.07  15.06
 0.00 0.07  15.08
 0.00 0.07  15.10
 0.00 0.07  15.12
 0.00 0.07  15.14
 0.00 0.07  15.16
 0.00 0.07  15.18
 0.00 0.07  15.20
 0.00 0.07  15.22
 0.00 0.07  15.24
 0.00 0.07  15.26
 0.00 0.07  15.28
 0.00 0.07  15.30
 0.00 0.07  15.32
 0.00 0.07  15.34
 0.00 0.07  15.36
 0.00 0.07  15.38
 0.00 0.07  15.40
 0.00 0.07  15.42
 0.00 0.06  15.44
 0.00 0.06  15.46
 0.00 0.06  15.48
 0.00 0.06  15.50
 0.00 0.07  15.52
 0.00 0.06  15.54
 0.00 0.06  15.56
 0.00 0.06  15.58
 0.00 0.06  15.60
 0.00 0.06  15.62
 0.00 0.06  15.64
 0.00 0.06  15.66
 0.00 0.06  15.68
 0.00 0.06  15.70
 0.00 0.06  15.72
 0.00 0.06  15.74
 0.00 0.06  15.76
 0.00 0.06  15.78
 0.00 0.06  15.80
 0.00 0.06  15.82
 0.00 0.06  15.84
 0.00 0.05  15.86
 0.00 0.05  15.88
 0.00 0.05  15.90
 0.00 0.05  15.92
 0.00 0.06  15.94
 0.00 0.05  15.96
 0.00 0.06  15.98
 0.00 0.06  16.00
 0.00 0.06  16.02
 0.00 0.06  16.04
 0.00 0.06  16.06
 0.00 0.06  16.08
 0.00 0.06  16.10
 0.00 0.06  16.12
 0.00 0.06  16.14
 0.00 0.06  16.16
 0.00 0.06  16.18
 0.00 0.06  16.20
 0.00 0.05  16.22
 0.00 0.05  16.24
 0.00 0.05  16.26
 0.00 0.05  16.28
 0.00 0.05  16.30
 0.00 0.05  16.32
 0.00 0.05  16.34
 0.00 0.05  16.36
 0.00 0.05  16.38
 0.00 0.05  16.40
 0.00 0.05  16.42
 0.00 0.05  16.44
 0.00 0.05  16.46
 0.00 0.05  16.48
 0.00 0.05  16.50
 0.00 0.05  16.52
 0.00 0.05  16.54
 0.00 0.05  16.56
 0.00 0.05  16.58
 0.00 0.05  16.60
 0.00 0.05  16.62
 0.00 0.05  16.64
 0.00 0.05  16.66
 0.00 0.05  16.68
 0.00 0.05  16.70
 0.00 0.05  16.72
 0.00 0.05  16.74
 0.00 0.05  16.76
 0.00 0.04  16.78
 0.00 0.04  16.80
 0.00 0.04  16.82
 0.00 0.03  16.84
 0.00 0.03  16.86
 0.00 0.03  16.88
 0.00 0.02  16.90
 0.00 0.02  16.92
 0.00 0.02  16.94
 0.00 0.01  16.96
 0.00 0.01  16.98
 0.00 0.01  17.00
 0.00 0.00  17.02
 0.00 0.00  17.04
 0.00 -0.00  17.06
 0.00 -0.00  17.08
 0.00 -0.00  17.10
 0.00 -0.00  17.12
 0.00 -0.00  17.14
 0.00 -0.00  17.16
 0.00 0.00  17.18
 0.00 0.00  17.20
 0.00 0.01  17.22
 0.00 0.01  17.24
 0.00 0.01  17.26
 0.00 0.02  17.28
 0.00 0.02  17.30
 0.00 0.02  17.32
 0.00 0.03  17.34
 0.00 0.03  17.36
 0.00 0.03  17.38
 0.00 0.03  17.40
 0.00 0.03  17.42
 0.00 0.04  17.44
 0.00 0.04  17.46
 0.00 0.04  17.48
 0.00 0.04  17.50
 0.00 0.04  17.52
 0.00 0.04  17.54
 0.00 0.04  17.56
 0.00 0.04  17.58
 0.00 0.04  17.60
 0.00 0.04  17.62
 0.00 0.03  17.64
 0.00 0.03  17.66
 0.00 0.03  17.68
 0.00 0.04  17.70
 0.00 0.04  17.72
 0.00 0.04  17.74
 0.00 0.04  17.76
 0.00 0.03  17.78
 0.00 0.03  17.80
 0.00 0.03  17.82
 0.00 0.03  17.84
 0.00 0.03  17.86
 0.00 0.03  17.88
 0.00 0.03  17.90
 0.00 0.03  17.92
 0.00 0.04  17.94
 0.00 0.04  17.96
 0.00 0.04  17.98
 0.00 0.04  18.00
 0.00 0.04  18.02
 0.00 0.04  18.04
 0.00 0.04  18.06
 0.00 0.04  18.08
 0.00 0.04  18.10
 0.00 0.04  18.12
 0.00 0.03  18.14
 0.00 0.03  18.16
 0.00 0.03  18.18
 0.00 0.03  18.20
 0.00 0.03  18.22
 0.00 0.04  18.24
 0.00 0.04  18.26
 0.00 0.04  18.28
 0.00 0.04  18.30
 0.00 0.04  18.32
 0.00 0.04  18.34
 0.00 0.04  18.36
 0.00 0.04  18.38
 0.00 0.04  18.40
 0.00 0.04  18.42
 0.00 0.04  18.44
 0.00 0.04  18.46
 0.00 0.04  18.48
 0.00 0.03  18.50
 0.00 0.03  18.52
 0.00 0.03  18.54
 0.00 0.03  18.56
 0.00 0.03  18.58
 0.00 0.02  18.60
 0.00 0.02  18.62
 0.00 0.02  18.64
 0.00 0.02  18.66
 0.00 0.02  18.68
 0.00 0.01  18.70
 0.00 0.01  18.72
 0.00 0.01  18.74
 0.00 0.01  18.76
 0.00 0.01  18.78
 0.00 0.01  18.80
 0.00 0.01  18.82
 0.00 0.00  18.84
 0.00 0.00  18.86
 0.00 0.00  18.88
 0.00 0.00  18.90
 0.00 -0.00  18.92
 0.00 -0.00  18.94
 0.00 -0.00  18.96
 0.00 -0.00  18.98
 0.00 -0.01  19.00
 0.00 -0.01  19.02
 0.00 -0.01  19.04
 0.00 -0.01  19.06
 0.00 -0.01  19.08
 0.00 -0.01  19.10
 0.00 -0.01  19.12
 0.00 -0.01  19.14
 0.00 -0.01  19.16
 0.00 -0.02  19.18
 0.00 -0.02  19.20
 0.00 -0.02  19.22
 0.00 -0.02  19.24
 0.00 -0.02  19.26
 0.00 -0.02  19.28
 0.00 -0.02  19.30
 0.00 -0.02  19.32
 0.00 -0.02  19.34
 0.00 -0.02  19.36
 0.00 -0.02  19.38
 0.00 -0.02  19.40
 0.00 -0.03  19.42
 0.00 -0.03  19.44
 0.00 -0.03  19.46
 0.00 -0.03  19.48
 0.00 -0.03  19.50
 0.00 -0.03  19.52
 0.00 -0.03  19.54
 0.00 -0.03  19.56
 0.00 -0.03  19.58
 0.00 -0.03  19.60
 0.00 -0.03  19.62
 0.00 -0.03  19.64
 0.00 -0.03  19.66
 0.00 -0.03  19.68
 0.00 -0.03  19.70
 0.00 -0.03  19.72
 0.00 -0.03  19.74
 0.00 -0.03  19.76
 0.00 -0.03  19.78
 0.00 -0.03  19.80
 0.00 -0.04  19.82
 0.00 -0.04  19.84
 0.00 -0.04  19.86
 0.00 -0.04  19.88
 0.00 -0.04  19.90
 0.00 -0.04  19.92
 0.00 -0.04  19.94
 0.00 -0.04  19.96
 0.00 -0.04  19.98
 0.00 -0.04  20.00
 0.00 -0.04  20.02
 0.00 -0.04  20.04
 0.00 -0.04  20.06
 0.00 -0.04  20.08
 0.00 -0.04  20.10
 0.00 -0.04  20.12
 0.00 -0.04  20.14
 0.00 -0.04  20.16
 0.00 -0.04  20.18
 0.00 -0.04  20.20
 0.00 -0.04  20.22
 0.00 -0.04  20.24
 0.00 -0.04  20.26
 0.00 -0.04  20.28
 0.00 -0.04  20.30
 0.00 -0.04  20.32
 0.00 -0.04  20.34
 0.00 -0.04  20.36
 0.00 -0.04  20.38
 0.00 -0.04  20.40
 0.00 -0.04  20.42
 0.00 -0.04  20.44
 0.00 -0.04  20.46
 0.00 -0.04  20.48
 0.00 -0.04  20.50
 0.00 -0.04  20.52
 0.00 -0.04  20.54
 0.00 -0.04  20.56
 0.00 -0.04  20.58
 0.00 -0.04  20.60
 0.00 -0.04  20.62
 0.00 -0.04  20.64
 0.00 -0.04  20.66
 0.00 -0.04  20.68
 0.00 -0.04  20.70
 0.00 -0.04  20.72
 0.00 -0.04  20.74
 0.00 -0.04  20.76
 0.00 -0.04  20.78
 0.00 -0.04  20.80
 0.00 -0.04  20.82
 0.00 -0.04  20.84
 0.00 -0.03  20.86
 0.00 -0.03  20.88
 0.00 -0.02  20.90
 0.00 -0.02  20.92
 0.00 -0.01  20.94
 0.00 -0.01  20.96
 0.00 -0.00  20.98
 0.00 0.00  21.00
 0.00 0.01  21.02
 0.00 0.01  21.04
 0.00 0.02  21.06
 0.00 0.02  21.08
 0.00 0.03  21.10
 0.00 0.03  21.12
 0.00 0.03  21.14
 0.00 0.04  21.16
 0.00 0.04  21.18
 0.00 0.05  21.20
 0.00 0.05  21.22
 0.00 0.05  21.24
 0.00 0.06  21.26
 0.00 0.06  21.28
 0.00 0.06  21.30
 0.00 0.06  21.32
 0.00 0.06  21.34
 0.00 0.05  21.36
 0.00 0.05  21.38
 0.00 0.05  21.40
 0.00 0.05  21.42
 0.00 0.05  21.44
 0.00 0.05  21.46
 0.00 0.05  21.48
 0.00 0.05  21.50
 0.00 0.05  21.52
 0.00 0.04  21.54
 0.00 0.04  21.56
 0.00 0.04  21.58
 0.00 0.04  21.60
 0.00 0.04  21.62
 0.00 0.04  21.64
 0.00 0.04  21.66
 0.00 0.04  21.68
 0.00 0.04  21.70
 0.00 0.04  21.72
 0.00 0.04  21.74
 0.00 0.04  21.76
 0.00 0.03  21.78
 0.00 0.03  21.80
 0.00 0.03  21.82
 0.00 0.03  21.84
 0.00 0.03  21.86
 0.00 0.03  21.88
 0.00 0.03  21.90
 0.00 0.03  21.92
 0.00 0.03  21.94
 0.00 0.03  21.96
 0.00 0.03  21.98
 0.00 0.03  22.00
 0.00 0.03  22.02
 0.00 0.02  22.04
 0.00 0.02  22.06
 0.00 0.02  22.08
 0.00 0.02  22.10
 0.00 0.02  22.12
 0.00 0.02  22.14
 0.00 0.02  22.16
 0.00 0.02  22.18
 0.00 0.02  22.20
 0.00 0.02  22.22
 0.00 0.02  22.24
 0.00 0.02  22.26
 0.00 0.02  22.28
 0.00 0.02  22.30
 0.00 0.02  22.32
 0.00 0.02  22.34
 0.00 0.02  22.36
 0.00 0.01  22.38
 0.00 0.01  22.40
 0.00 0.01  22.42
 0.00 0.01  22.44
 0.00 0.01  22.46
 0.00 0.01  22.48
 0.00 0.01  22.50
 0.00 0.01  22.52
 0.00 0.01  22.54
 0.00 0.01  22.56
 0.00 0.01  22.58
 0.00 0.01  22.60
 0.00 0.01  22.62
 0.00 0.01  22.64
 0.00 0.01  22.66
 0.00 0.01  22.68
 0.00 0.01  22.70
 0.00 0.01  22.72
 0.00 0.01  22.74
 0.00 0.01  22.76
 0.00 0.01  22.78
 0.00 0.01  22.80
 0.00 0.01  22.82
 0.00 0.00  22.84
 0.00 0.00  22.86
 0.00 0.00  22.88
 0.00 0.00  22.90
 0.00 0.00  22.92
 0.00 0.00  22.94
 0.00 0.00  22.96
 0.00 0.00  22.98
 0.00 0.00  23.00
 0.00 0.00  23.02
 0.00 0.00  23.04
 0.00 0.00  23.06
 0.00 0.00  23.08
 0.00 0.00  23.10
 0.00 0.00  23.12
 0.00 0.00  23.14
 0.00 0.00  23.16
 0.00 -0.00  23.18
 0.00 -0.00  23.20
 0.00 -0.00  23.22
 0.00 -0.00  23.24
 0.00 -0.00  23.26
 0.00 -0.00  23.28
 0.00 -0.00  23.30
 0.00 -0.00  23.32
 0.00 -0.00  23.34
 0.00 -0.00  23.36
 0.00 -0.00  23.38
 0.00 -0.00  23.40
 0.00 -0.00  23.42
 0.00 -0.00  23.44
 0.00 -0.00  23.46
 0.00 -0.00  23.48
 0.00 -0.00  23.50
 0.00 -0.00  23.52
 0.00 -0.00  23.54
 0.00 -0.00  23.56
 0.00 -0.00  23.58
 0.00 -0.00  23.60
 0.00 -0.00  23.62
 0.00 -0.00  23.64
 0.00 -0.00  23.66
 0.00 -0.00  23.68
 0.00 -0.00  23.70
 0.00 -0.00  23.72
 0.00 -0.00  23.74
 0.00 -0.00  23.76
 0.00 -0.01  23.78
 0.00 -0.01  23.80
 0.00 -0.01  23.82
 0.00 -0.01  23.84
 0.00 -0.01  23.86
 0.00 -0.01  23.88
 0.00 -0.01  23.90
 0.00 -0.01  23.92
 0.00 -0.01  23.94
 0.00 -0.01  23.96
 0.00 -0.01  23.98
 0.00 -0.01  24.00
 0.00 -0.01  24.02
 0.00 -0.01  24.04
 0.00 -0.01  24.06
 0.00 -0.01  24.08
 0.00 -0.01  24.10
 0.00 -0.01  24.12
 0.00 -0.01  24.14
 0.00 -0.01  24.16
 0.00 -0.01  24.18
 0.00 -0.01  24.20
 0.00 -0.01  24.22
 0.00 -0.01  24.24
 0.00 -0.01  24.26
 0.00 -0.01  24.28
 0.00 -0.01  24.30
 0.00 -0.01  24.32
 0.00 -0.01  24.34
 0.00 -0.01  24.36
 0.00 -0.01  24.38
 0.00 -0.01  24.40
 0.00 -0.01  24.42
 0.00 -0.01  24.44
 0.00 -0.01  24.46
 0.00 -0.01  24.48
 0.00 -0.01  24.50
 0.00 -0.01  24.52
 0.00 -0.01  24.54
 0.00 -0.01  24.56
 0.00 -0.01  24.58
 0.00 -0.01  24.60
 0.00 -0.01  2