 2.00 0.00  0.02
 2.00 0.67  0.04
 2.00 1.61  0.06
 2.00 2.18  0.08
 2.00 2.29  0.10
 2.00 2.09  0.12
 2.00 1.81  0.14
 2.00 1.56  0.16
 2.00 1.35  0.18
 2.00 1.22  0.20
 2.00 1.19  0.22
 2.00 1.25  0.24
 2.00 1.35  0.26
 2.00 1.49  0.28
 2.00 1.60  0.30
 2.00 1.72  0.32
 2.00 1.79  0.34
 2.00 1.82  0.36
 2.00 1.83  0.38
 2.00 1.78  0.40
 2.00 1.72  0.42
 2.00 1.64  0.44
 2.00 1.58  0.46
 2.00 1.52  0.48
 2.00 1.48  0.50
 2.00 1.45  0.52
 2.00 1.46  0.54
 2.00 1.47  0.56
 2.00 1.50  0.58
 2.00 1.53  0.60
 2.00 1.56  0.62
 2.00 1.59  0.64
 2.00 1.61  0.66
 2.00 1.64  0.68
 2.00 1.65  0.70
 2.00 1.65  0.72
 2.00 1.64  0.74
 2.00 1.63  0.76
 2.00 1.60  0.78
 2.00 1.59  0.80
 2.00 1.58  0.82
 2.00 1.57  0.84
 2.00 1.55  0.86
 2.00 1.55  0.88
 2.00 1.55  0.90
 2.00 1.55  0.92
 2.00 1.56  0.94
 2.00 1.56  0.96
 2.00 1.57  0.98
 2.00 1.57  1.00
 2.00 1.58  1.02
 2.00 1.58  1.04
 2.00 1.59  1.06
 2.00 1.59  1.08
 2.00 1.59  1.10
 2.00 1.60  1.12
 2.00 1.60  1.14
 2.00 1.60  1.16
 2.00 1.60  1.18
 2.00 1.59  1.20
 2.00 1.59  1.22
 2.00 1.59  1.24
 2.00 1.59  1.26
 2.00 1.59  1.28
 2.00 1.59  1.30
 2.00 1.59  1.32
 2.00 1.58  1.34
 2.00 1.58  1.36
 2.00 1.58  1.38
 2.00 1.59  1.40
 2.00 1.59  1.42
 2.00 1.59  1.44
 2.00 1.59  1.46
 2.00 1.60  1.48
 2.00 1.60  1.50
 2.00 1.59  1.52
 2.00 1.59  1.54
 2.00 1.60  1.56
 2.00 1.60  1.58
 2.00 1.60  1.60
 2.00 1.60  1.62
 2.00 1.60  1.64
 2.00 1.60  1.66
 2.00 1.59  1.68
 2.00 1.60  1.70
 2.00 1.60  1.72
 2.00 1.60  1.74
 2.00 1.59  1.76
 2.00 1.60  1.78
 2.00 1.59  1.80
 2.00 1.60  1.82
 2.00 1.60  1.84
 2.00 1.60  1.86
 2.00 1.60  1.88
 2.00 1.61  1.90
 2.00 1.61  1.92
 2.00 1.61  1.94
 2.00 1.61  1.96
 2.00 1.61  1.98
 2.00 1.61  2.00
 2.00 1.61  2.02
 2.00 1.61  2.04
 2.00 1.61  2.06
 2.00 1.61  2.08
 2.00 1.61  2.10
 2.00 1.61  2.12
 2.00 1.61  2.14
 2.00 1.61  2.16
 2.00 1.61  2.18
 2.00 1.61  2.20
 2.00 1.61  2.22
 2.00 1.61  2.24
 2.00 1.61  2.26
 2.00 1.61  2.28
 2.00 1.61  2.30
 2.00 1.61  2.32
 2.00 1.61  2.34
 2.00 1.61  2.36
 2.00 1.61  2.38
 2.00 1.61  2.40
 2.00 1.62  2.42
 2.00 1.61  2.44
 2.00 1.62  2.46
 2.00 1.62  2.48
 2.00 1.62  2.50
 2.00 1.62  2.52
 2.00 1.62  2.54
 2.00 1.62  2.56
 2.00 1.62  2.58
 2.00 1.62  2.60
 2.00 1.62  2.62
 2.00 1.62  2.64
 2.00 1.62  2.66
 2.00 1.62  2.68
 2.00 1.61  2.70
 2.00 1.62  2.72
 2.00 1.62  2.74
 2.00 1.62  2.76
 2.00 1.62  2.78
 2.00 1.62  2.80
 2.00 1.62  2.82
 2.00 1.63  2.84
 2.00 1.63  2.86
 2.00 1.63  2.88
 2.00 1.63  2.90
 2.00 1.63  2.92
 2.00 1.63  2.94
 2.00 1.63  2.96
 2.00 1.63  2.98
 2.00 1.63  3.00
 2.00 1.63  3.02
 2.00 1.63  3.04
 2.00 1.63  3.06
 2.00 1.63  3.08
 2.00 1.63  3.10
 2.00 1.63  3.12
 2.00 1.63  3.14
 2.00 1.63  3.16
 2.00 1.63  3.18
 2.00 1.63  3.20
 2.00 1.63  3.22
 2.00 1.63  3.24
 2.00 1.63  3.26
 2.00 1.64  3.28
 2.00 1.63  3.30
 2.00 1.64  3.32
 2.00 1.64  3.34
 2.00 1.64  3.36
 2.00 1.64  3.38
 2.00 1.64  3.40
 2.00 1.64  3.42
 2.00 1.64  3.44
 2.00 1.64  3.46
 2.00 1.64  3.48
 2.00 1.64  3.50
 2.00 1.64  3.52
 2.00 1.64  3.54
 2.00 1.64  3.56
 2.00 1.64  3.58
 2.00 1.64  3.60
 2.00 1.64  3.62
 2.00 1.64  3.64
 2.00 1.64  3.66
 2.00 1.64  3.68
 2.00 1.64  3.70
 2.00 1.64  3.72
 2.00 1.64  3.74
 2.00 1.64  3.76
 2.00 1.64  3.78
 2.00 1.65  3.80
 2.00 1.65  3.82
 2.00 1.65  3.84
 2.00 1.65  3.86
 2.00 1.65  3.88
 2.00 1.65  3.90
 2.00 1.65  3.92
 2.00 1.65  3.94
 2.00 1.65  3.96
 2.00 1.65  3.98
 2.00 1.65  4.00
 2.00 1.65  4.02
 2.00 1.65  4.04
 2.00 1.65  4.06
 2.00 1.65  4.08
 2.00 1.65  4.10
 2.00 1.65  4.12
 2.00 1.65  4.14
 2.00 1.65  4.16
 2.00 1.65  4.18
 2.00 1.65  4.20
 2.00 1.66  4.22
 2.00 1.65  4.24
 2.00 1.66  4.26
 2.00 1.66  4.28
 2.00 1.66  4.30
 2.00 1.66  4.32
 2.00 1.65  4.34
 2.00 1.65  4.36
 2.00 1.65  4.38
 2.00 1.65  4.40
 2.00 1.65  4.42
 2.00 1.65  4.44
 2.00 1.65  4.46
 2.00 1.65  4.48
 2.00 1.65  4.50
 2.00 1.66  4.52
 2.00 1.66  4.54
 2.00 1.66  4.56
 2.00 1.66  4.58
 2.00 1.66  4.60
 2.00 1.66  4.62
 2.00 1.66  4.64
 2.00 1.66  4.66
 2.00 1.66  4.68
 2.00 1.66  4.70
 2.00 1.66  4.72
 2.00 1.66  4.74
 2.00 1.66  4.76
 2.00 1.66  4.78
 2.00 1.66  4.80
 2.00 1.66  4.82
 2.00 1.66  4.84
 2.00 1.66  4.86
 2.00 1.66  4.88
 2.00 1.66  4.90
 2.00 1.66  4.92
 2.00 1.66  4.94
 2.00 1.66  4.96
 2.00 1.66  4.98
 2.00 1.66  5.00
 2.00 1.66  5.02
 2.00 1.66  5.04
 2.00 1.66  5.06
 2.00 1.66  5.08
 2.00 1.66  5.10
 2.00 1.66  5.12
 2.00 1.66  5.14
 2.00 1.66  5.16
 2.00 1.66  5.18
 2.00 1.66  5.20
 2.00 1.66  5.22
 2.00 1.66  5.24
 2.00 1.66  5.26
 2.00 1.66  5.28
 2.00 1.66  5.30
 2.00 1.66  5.32
 2.00 1.66  5.34
 2.00 1.67  5.36
 2.00 1.67  5.38
 2.00 1.67  5.40
 2.00 1.67  5.42
 2.00 1.67  5.44
 2.00 1.67  5.46
 2.00 1.67  5.48
 2.00 1.67  5.50
 2.00 1.67  5.52
 2.00 1.67  5.54
 2.00 1.67  5.56
 2.00 1.67  5.58
 2.00 1.67  5.60
 2.00 1.67  5.62
 2.00 1.68  5.64
 2.00 1.68  5.66
 2.00 1.67  5.68
 2.00 1.68  5.70
 2.00 1.67  5.72
 2.00 1.67  5.74
 2.00 1.67  5.76
 2.00 1.67  5.78
 2.00 1.68  5.80
 2.00 1.67  5.82
 2.00 1.68  5.84
 2.00 1.68  5.86
 2.00 1.68  5.88
 2.00 1.68  5.90
 2.00 1.68  5.92
 2.00 1.68  5.94
 2.00 1.68  5.96
 2.00 1.68  5.98
 2.00 1.68  6.00
 2.00 1.68  6.02
 2.00 1.68  6.04
 2.00 1.68  6.06
 2.00 1.68  6.08
 2.00 1.68  6.10
 2.00 1.68  6.12
 2.00 1.68  6.14
 2.00 1.68  6.16
 2.00 1.68  6.18
 2.00 1.68  6.20
 2.00 1.68  6.22
 2.00 1.68  6.24
 2.00 1.68  6.26
 2.00 1.68  6.28
 2.00 1.68  6.30
 2.00 1.68  6.32
 2.00 1.68  6.34
 2.00 1.68  6.36
 2.00 1.68  6.38
 2.00 1.68  6.40
 2.00 1.69  6.42
 2.00 1.69  6.44
 2.00 1.69  6.46
 2.00 1.69  6.48
 2.00 1.69  6.50
 2.00 1.69  6.52
 2.00 1.69  6.54
 2.00 1.69  6.56
 2.00 1.69  6.58
 2.00 1.69  6.60
 2.00 1.69  6.62
 2.00 1.69  6.64
 2.00 1.69  6.66
 2.00 1.69  6.68
 2.00 1.69  6.70
 2.00 1.69  6.72
 2.00 1.70  6.74
 2.00 1.70  6.76
 2.00 1.70  6.78
 2.00 1.70  6.80
 2.00 1.70  6.82
 2.00 1.70  6.84
 2.00 1.70  6.86
 2.00 1.70  6.88
 2.00 1.70  6.90
 2.00 1.70  6.92
 2.00 1.70  6.94
 2.00 1.70  6.96
 2.00 1.70  6.98
 2.00 1.70  7.00
 2.00 1.70  7.02
 2.00 1.70  7.04
 2.00 1.70  7.06
 2.00 1.70  7.08
 2.00 1.70  7.10
 2.00 1.70  7.12
 2.00 1.70  7.14
 2.00 1.70  7.16
 2.00 1.70  7.18
 2.00 1.70  7.20
 2.00 1.70  7.22
 2.00 1.71  7.24
 2.00 1.70  7.26
 2.00 1.70  7.28
 2.00 1.70  7.30
 2.00 1.71  7.32
 2.00 1.71  7.34
 2.00 1.71  7.36
 2.00 1.71  7.38
 2.00 1.71  7.40
 2.00 1.71  7.42
 2.00 1.71  7.44
 2.00 1.71  7.46
 2.00 1.71  7.48
 2.00 1.71  7.50
 2.00 1.71  7.52
 2.00 1.71  7.54
 2.00 1.71  7.56
 2.00 1.71  7.58
 2.00 1.71  7.60
 2.00 1.71  7.62
 2.00 1.71  7.64
 2.00 1.71  7.66
 2.00 1.71  7.68
 2.00 1.71  7.70
 2.00 1.71  7.72
 2.00 1.71  7.74
 2.00 1.71  7.76
 2.00 1.71  7.78
 2.00 1.72  7.80
 2.00 1.71  7.82
 2.00 1.71  7.84
 2.00 1.71  7.86
 2.00 1.71  7.88
 2.00 1.71  7.90
 2.00 1.71  7.92
 2.00 1.71  7.94
 2.00 1.71  7.96
 2.00 1.71  7.98
 2.00 1.71  8.00
 2.00 1.72  8.02
 2.00 1.72  8.04
 2.00 1.72  8.06
 2.00 1.72  8.08
 2.00 1.72  8.10
 2.00 1.72  8.12
 2.00 1.72  8.14
 2.00 1.72  8.16
 2.00 1.72  8.18
 2.00 1.72  8.20
 2.00 1.72  8.22
 2.00 1.72  8.24
 2.00 1.72  8.26
 2.00 1.72  8.28
 2.00 1.72  8.30
 2.00 1.72  8.32
 2.00 1.72  8.34
 2.00 1.72  8.36
 2.00 1.72  8.38
 2.00 1.72  8.40
 2.00 1.72  8.42
 2.00 1.72  8.44
 2.00 1.72  8.46
 2.00 1.72  8.48
 2.00 1.72  8.50
 2.00 1.72  8.52
 2.00 1.72  8.54
 2.00 1.72  8.56
 2.00 1.72  8.58
 2.00 1.72  8.60
 2.00 1.72  8.62
 2.00 1.72  8.64
 2.00 1.73  8.66
 2.00 1.72  8.68
 2.00 1.73  8.70
 2.00 1.73  8.72
 2.00 1.73  8.74
 2.00 1.73  8.76
 2.00 1.73  8.78
 2.00 1.73  8.80
 2.00 1.73  8.82
 2.00 1.73  8.84
 2.00 1.73  8.86
 2.00 1.73  8.88
 2.00 1.73  8.90
 2.00 1.73  8.92
 2.00 1.73  8.94
 2.00 1.73  8.96
 2.00 1.73  8.98
 2.00 1.73  9.00
 2.00 1.73  9.02
 2.00 1.73  9.04
 2.00 1.73  9.06
 2.00 1.73  9.08
 2.00 1.73  9.10
 2.00 1.73  9.12
 2.00 1.73  9.14
 2.00 1.73  9.16
 2.00 1.73  9.18
 2.00 1.73  9.20
 2.00 1.73  9.22
 2.00 1.73  9.24
 2.00 1.73  9.26
 2.00 1.73  9.28
 2.00 1.73  9.30
 2.00 1.73  9.32
 2.00 1.73  9.34
 2.00 1.73  9.36
 2.00 1.73  9.38
 2.00 1.73  9.40
 2.00 1.73  9.42
 2.00 1.73  9.44
 2.00 1.73  9.46
 2.00 1.73  9.48
 2.00 1.74  9.50
 2.00 1.73  9.52
 2.00 1.74  9.54
 2.00 1.73  9.56
 2.00 1.74  9.58
 2.00 1.74  9.60
 2.00 1.74  9.62
 2.00 1.74  9.64
 2.00 1.74  9.66
 2.00 1.74  9.68
 2.00 1.74  9.70
 2.00 1.74  9.72
 2.00 1.74  9.74
 2.00 1.74  9.76
 2.00 1.74  9.78
 2.00 1.74  9.80
 2.00 1.74  9.82
 2.00 1.74  9.84
 2.00 1.74  9.86
 2.00 1.74  9.88
 2.00 1.74  9.90
 2.00 1.74  9.92
 2.00 1.74  9.94
 2.00 1.74  9.96
 2.00 1.75  9.98
 2.00 1.74  10.00
 2.00 1.75  10.02
 1.99 1.75  10.04
 1.98 1.75  10.06
 1.97 1.75  10.08
 1.96 1.75  10.10
 1.95 1.74  10.12
 1.94 1.75  10.14
 1.93 1.74  10.16
 1.92 1.74  10.18
 1.91 1.74  10.20
 1.90 1.73  10.22
 1.89 1.72  10.24
 1.88 1.72  10.26
 1.87 1.71  10.28
 1.86 1.71  10.30
 1.85 1.70  10.32
 1.84 1.69  10.34
 1.83 1.68  10.36
 1.82 1.67  10.38
 1.81 1.66  10.40
 1.80 1.65  10.42
 1.79 1.64  10.44
 1.78 1.62  10.46
 1.77 1.61  10.48
 1.76 1.60  10.50
 1.75 1.59  10.52
 1.74 1.58  10.54
 1.73 1.57  10.56
 1.72 1.56  10.58
 1.71 1.55  10.60
 1.70 1.54  10.62
 1.69 1.53  10.64
 1.68 1.52  10.66
 1.67 1.52  10.68
 1.66 1.51  10.70
 1.65 1.50  10.72
 1.64 1.49  10.74
 1.63 1.48  10.76
 1.62 1.47  10.78
 1.61 1.46  10.80
 1.60 1.45  10.82
 1.59 1.44  10.84
 1.58 1.44  10.86
 1.57 1.43  10.88
 1.56 1.42  10.90
 1.55 1.41  10.92
 1.54 1.40  10.94
 1.53 1.39  10.96
 1.52 1.38  10.98
 1.51 1.37  11.00
 1.50 1.36  11.02
 1.49 1.36  11.04
 1.48 1.35  11.06
 1.47 1.34  11.08
 1.46 1.33  11.10
 1.45 1.32  11.12
 1.44 1.31  11.14
 1.43 1.30  11.16
 1.42 1.29  11.18
 1.41 1.29  11.20
 1.40 1.28  11.22
 1.39 1.27  11.24
 1.38 1.26  11.26
 1.37 1.25  11.28
 1.36 1.24  11.30
 1.35 1.23  11.32
 1.34 1.23  11.34
 1.33 1.22  11.36
 1.32 1.21  11.38
 1.31 1.20  11.40
 1.30 1.19  11.42
 1.29 1.18  11.44
 1.28 1.17  11.46
 1.27 1.16  11.48
 1.26 1.15  11.50
 1.25 1.15  11.52
 1.24 1.14  11.54
 1.23 1.13  11.56
 1.22 1.12  11.58
 1.21 1.11  11.60
 1.20 1.10  11.62
 1.19 1.09  11.64
 1.18 1.08  11.66
 1.17 1.07  11.68
 1.16 1.07  11.70
 1.15 1.06  11.72
 1.14 1.05  11.74
 1.13 1.04  11.76
 1.12 1.03  11.78
 1.11 1.02  11.80
 1.10 1.01  11.82
 1.09 1.00  11.84
 1.08 1.00  11.86
 1.07 0.99  11.88
 1.06 0.98  11.90
 1.05 0.97  11.92
 1.04 0.96  11.94
 1.03 0.95  11.96
 1.02 0.94  11.98
 1.01 0.93  12.00
 1.00 0.92  12.02
 0.99 0.92  12.04
 0.98 0.91  12.06
 0.97 0.90  12.08
 0.96 0.89  12.10
 0.95 0.88  12.12
 0.94 0.87  12.14
 0.93 0.86  12.16
 0.92 0.85  12.18
 0.91 0.84  12.20
 0.90 0.84  12.22
 0.89 0.83  12.24
 0.88 0.82  12.26
 0.87 0.81  12.28
 0.86 0.80  12.30
 0.85 0.79  12.32
 0.84 0.78  12.34
 0.83 0.77  12.36
 0.82 0.77  12.38
 0.81 0.76  12.40
 0.80 0.75  12.42
 0.79 0.74  12.44
 0.78 0.73  12.46
 0.77 0.72  12.48
 0.76 0.71  12.50
 0.75 0.70  12.52
 0.74 0.70  12.54
 0.73 0.69  12.56
 0.72 0.68  12.58
 0.71 0.67  12.60
 0.70 0.66  12.62
 0.69 0.65  12.64
 0.68 0.64  12.66
 0.67 0.63  12.68
 0.66 0.63  12.70
 0.65 0.61  12.72
 0.64 0.61  12.74
 0.63 0.60  12.76
 0.62 0.59  12.78
 0.61 0.58  12.80
 0.60 0.57  12.82
 0.59 0.56  12.84
 0.58 0.56  12.86
 0.57 0.55  12.88
 0.56 0.54  12.90
 0.55 0.53  12.92
 0.54 0.52  12.94
 0.53 0.51  12.96
 0.52 0.50  12.98
 0.51 0.49  13.00
 0.50 0.49  13.02
 0.49 0.48  13.04
 0.48 0.47  13.06
 0.47 0.46  13.08
 0.46 0.45  13.10
 0.45 0.44  13.12
 0.44 0.44  13.14
 0.43 0.43  13.16
 0.42 0.42  13.18
 0.41 0.41  13.20
 0.40 0.40  13.22
 0.39 0.39  13.24
 0.38 0.38  13.26
 0.37 0.37  13.28
 0.36 0.37  13.30
 0.35 0.36  13.32
 0.34 0.35  13.34
 0.33 0.34  13.36
 0.32 0.33  13.38
 0.31 0.32  13.40
 0.30 0.31  13.42
 0.29 0.30  13.44
 0.28 0.29  13.46
 0.27 0.29  13.48
 0.26 0.28  13.50
 0.25 0.27  13.52
 0.24 0.26  13.54
 0.23 0.25  13.56
 0.22 0.24  13.58
 0.21 0.23  13.60
 0.20 0.22  13.62
 0.19 0.21  13.64
 0.18 0.20  13.66
 0.17 0.20  13.68
 0.16 0.19  13.70
 0.15 0.17  13.72
 0.14 0.16  13.74
 0.13 0.15  13.76
 0.12 0.14  13.78
 0.11 0.13  13.80
 0.10 0.12  13.82
 0.09 0.11  13.84
 0.08 0.10  13.86
 0.07 0.09  13.88
 0.06 0.09  13.90
 0.05 0.08  13.92
 0.04 0.07  13.94
 0.03 0.06  13.96
 0.02 0.05  13.98
 0.01 0.04  14.00
 0.00 0.03  14.02
 0.00 0.03  14.04
 0.00 0.02  14.06
 0.00 0.01  14.08
 0.00 0.00  14.10
 0.00 -0.00  14.12
 0.00 -0.01  14.14
 0.00 -0.02  14.16
 0.00 -0.02  14.18
 0.00 -0.03  14.20
 0.00 -0.04  14.22
 0.00 -0.04  14.24
 0.00 -0.05  14.26
 0.00 -0.05  14.28
 0.00 -0.06  14.30
 0.00 -0.06  14.32
 0.00 -0.06  14.34
 0.00 -0.06  14.36
 0.00 -0.06  14.38
 0.00 -0.05  14.40
 0.00 -0.05  14.42
 0.00 -0.04  14.44
 0.00 -0.03  14.46
 0.00 -0.03  14.48
 0.00 -0.02  14.50
 0.00 -0.02  14.52
 0.00 -0.01  14.54
 0.00 -0.01  14.56
 0.00 -0.00  14.58
 0.00 -0.00  14.60
 0.00 0.00  14.62
 0.00 0.00  14.64
 0.00 0.01  14.66
 0.00 0.01  14.68
 0.00 0.01  14.70
 0.00 0.01  14.72
 0.00 0.01  14.74
 0.00 0.01  14.76
 0.00 0.01  14.78
 0.00 0.01  14.80
 0.00 0.01  14.82
 0.00 0.01  14.84
 0.00 0.00  14.86
 0.00 0.00  14.88
 0.00 0.00  14.90
 0.00 0.00  14.92
 0.00 0.00  14.94
 0.00 0.00  14.96
 0.00 0.00  14.98
 0.00 0.01  15.00
 0.00 0.00  15.02
 0.00 0.00  15.04
 0.00 0.00  15.06
 0.00 0.00  15.08
 0.00 0.00  15.10
 0.00 0.01  15.12
 0.00 0.01  15.14
 0.00 0.01  15.16
 0.00 0.01  15.18
 0.00 0.01  15.20
 0.00 0.01  15.22
 0.00 0.01  15.24
 0.00 0.01  15.26
 0.00 0.01  15.28
 0.00 0.01  15.30
 0.00 0.01  15.32
 0.00 0.01  15.34
 0.00 0.01  15.36
 0.00 0.01  15.38
 0.00 0.01  15.40
 0.00 0.01  15.42
 0.00 0.01  15.44
 0.00 0.01  15.46
 0.00 0.01  15.48
 0.00 0.01  15.50
 0.00 0.01  15.52
 0.00 0.01  15.54
 0.00 0.01  15.56
 0.00 0.01  15.58
 0.00 0.01  15.60
 0.00 0.01  15.62
 0.00 0.01  15.64
 0.00 0.01  15.66
 0.00 0.01  15.68
 0.00 0.01  15.70
 0.00 0.01  15.72
 0.00 0.01  15.74
 0.00 0.01  15.76
 0.00 0.01  15.78
 0.00 0.01  15.80
 0.00 0.01  15.82
 0.00 0.01  15.84
 0.00 0.01  15.86
 0.00 0.01  15.88
 0.00 0.01  15.90
 0.00 0.01  15.92
 0.00 0.01  15.94
 0.00 0.01  15.96
 0.00 0.01  15.98
 0.00 0.01  16.00
 0.00 0.02  16.02
 0.00 0.02  16.04
 0.00 0.01  16.06
 0.00 0.01  16.08
 0.00 0.01  16.10
 0.00 0.01  16.12
 0.00 0.01  16.14
 0.00 0.02  16.16
 0.00 0.02  16.18
 0.00 0.02  16.20
 0.00 0.02  16.22
 0.00 0.02  16.24
 0.00 0.02  16.26
 0.00 0.02  16.28
 0.00 0.02  16.30
 0.00 0.02  16.32
 0.00 0.02  16.34
 0.00 0.01  16.36
 0.00 0.01  16.38
 0.00 0.01  16.40
 0.00 0.01  16.42
 0.00 0.01  16.44
 0.00 0.02  16.46
 0.00 0.01  16.48
 0.00 0.01  16.50
 0.00 0.01  16.52
 0.00 0.01  16.54
 0.00 0.01  16.56
 0.00 0.01  16.58
 0.00 0.02  16.60
 0.00 0.02  16.62
 0.00 0.02  16.64
 0.00 0.02  16.66
 0.00 0.02  16.68
 0.00 0.02  16.70
 0.00 0.02  16.72
 0.00 0.02  16.74
 0.00 0.02  16.76
 0.00 0.02  16.78
 0.00 0.01  16.80
 0.00 0.01  16.82
 0.00 0.01  16.84
 0.00 0.01  16.86
 0.00 0.01  16.88
 0.00 0.01  16.90
 0.00 0.00  16.92
 0.00 0.00  16.94
 0.00 0.00  16.96
 0.00 0.00  16.98
 0.00 0.01  17.00
 0.00 0.01  17.02
 0.00 0.01  17.04
 0.00 0.01  17.06
 0.00 0.02  17.08
 0.00 0.02  17.10
 0.00 0.02  17.12
 0.00 0.02  17.14
 0.00 0.02  17.16
 0.00 0.02  17.18
 0.00 0.02  17.20
 0.00 0.02  17.22
 0.00 0.02  17.24
 0.00 0.02  17.26
 0.00 0.02  17.28
 0.00 0.02  17.30
 0.00 0.02  17.32
 0.00 0.02  17.34
 0.00 0.02  17.36
 0.00 0.01  17.38
 0.00 0.01  17.40
 0.00 0.01  17.42
 0.00 0.01  17.44
 0.00 0.01  17.46
 0.00 0.00  17.48
 0.00 0.00  17.50
 0.00 0.00  17.52
 0.00 -0.00  17.54
 0.00 -0.00  17.56
 0.00 -0.00  17.58
 0.00 -0.00  17.60
 0.00 -0.01  17.62
 0.00 -0.01  17.64
 0.00 -0.01  17.66
 0.00 -0.01  17.68
 0.00 -0.01  17.70
 0.00 -0.01  17.72
 0.00 -0.01  17.74
 0.00 -0.02  17.76
 0.00 -0.02  17.78
 0.00 -0.02  17.80
 0.00 -0.02  17.82
 0.00 -0.02  17.84
 0.00 -0.02  17.86
 0.00 -0.02  17.88
 0.00 -0.02  17.90
 0.00 -0.02  17.92
 0.00 -0.03  17.94
 0.00 -0.03  17.96
 0.00 -0.03  17.98
 0.00 -0.03  18.00
 0.00 -0.03  18.02
 0.00 -0.03  18.04
 0.00 -0.03  18.06
 0.00 -0.03  18.08
 0.00 -0.03  18.10
 0.00 -0.03  18.12
 0.00 -0.03  18.14
 0.00 -0.03  18.16
 0.00 -0.03  18.18
 0.00 -0.02  18.20
 0.00 -0.02  18.22
 0.00 -0.01  18.24
 0.00 -0.01  18.26
 0.00 -0.00  18.28
 0.00 0.00  18.30
 0.00 0.01  18.32
 0.00 0.01  18.34
 0.00 0.02  18.36
 0.00 0.02  18.38
 0.00 0.02  18.40
 0.00 0.03  18.42
 0.00 0.03  18.44
 0.00 0.03  18.46
 0.00 0.03  18.48
 0.00 0.03  18.50
 0.00 0.03  18.52
 0.00 0.03  18.54
 0.00 0.03  18.56
 0.00 0.03  18.58
 0.00 0.02  18.60
 0.00 0.02  18.62
 0.00 0.02  18.64
 0.00 0.02  18.66
 0.00 0.02  18.68
 0.00 0.02  18.70
 0.00 0.02  18.72
 0.00 0.02  18.74
 0.00 0.01  18.76
 0.00 0.01  18.78
 0.00 0.01  18.80
 0.00 0.01  18.82
 0.00 0.01  18.84
 0.00 0.01  18.86
 0.00 0.01  18.88
 0.00 0.01  18.90
 0.00 0.01  18.92
 0.00 0.01  18.94
 0.00 0.00  18.96
 0.00 0.00  18.98
 0.00 0.00  19.00
 0.00 0.00  19.02
 0.00 0.00  19.04
 0.00 0.00  19.06
 0.00 -0.00  19.08
 0.00 -0.00  19.10
 0.00 -0.00  19.12
 0.00 -0.00  19.14
 0.00 -0.00  19.16
 0.00 -0.00  19.18
 0.00 -0.01  19.20
 0.00 -0.01  19.22
 0.00 -0.01  19.24
 0.00 -0.01  19.26
 0.00 -0.01  19.28
 0.00 -0.01  19.30
 0.00 -0.01  19.32
 0.00 -0.01  19.34
 0.00 -0.01  19.36
 0.00 -0.01  19.38
 0.00 -0.01  19.40
 0.00 -0.01  19.42
 0.00 -0.01  19.44
 0.00 -0.01  19.46
 0.00 -0.01  19.48
 0.00 -0.01  19.50
 0.00 -0.01  19.52
 0.00 -0.01  19.54
 0.00 -0.02  19.56
 0.00 -0.02  19.58
 0.00 -0.02  19.60
 0.00 -0.02  19.62
 0.00 -0.02  19.64
 0.00 -0.02  19.66
 0.00 -0.02  19.68
 0.00 -0.02  19.70
 0.00 -0.02  19.72
 0.00 -0.02  19.74
 0.00 -0.02  19.76
 0.00 -0.02  19.78
 0.00 -0.02  19.80
 0.00 -0.02  19.82
 0.00 -0.01  19.84
 0.00 -0.01  19.86
 0.00 -0.00  19.88
 0.00 -0.00  19.90
 0.00 0.00  19.92
 0.00 0.01  19.94
 0.00 0.01  19.96
 0.00 0.02  19.98
 0.00 0.02  20.00
 0.00 0.03  20.02
 0.00 0.03  20.04
 0.00 0.03  20.06
 0.00 0.03  20.08
 0.00 0.03  20.10
 0.00 0.03  20.12
 0.00 0.03  20.14
 0.00 0.03  20.16
 0.00 0.03  20.18
 0.00 0.03  20.20
 0.00 0.03  20.22
 0.00 0.03  20.24
 0.00 0.03  20.26
 0.00 0.03  20.28
 0.00 0.03  20.30
 0.00 0.03  20.32
 0.00 0.02  20.34
 0.00 0.02  20.36
 0.00 0.02  20.38
 0.00 0.02  20.40
 0.00 0.02  20.42
 0.00 0.02  20.44
 0.00 0.02  20.46
 0.00 0.02  20.48
 0.00 0.02  20.50
 0.00 0.02  20.52
 0.00 0.02  20.54
 0.00 0.02  20.56
 0.00 0.02  20.58
 0.00 0.01  20.60
 0.00 0.01  20.62
 0.00 0.01  20.64
 0.00 0.01  20.66
 0.00 0.01  20.68
 0.00 0.01  20.70
 0.00 0.01  20.72
 0.00 0.01  20.74
 0.00 0.01  20.76
 0.00 0.01  20.78
 0.00 0.01  20.80
 0.00 0.01  20.82
 0.00 0.01  20.84
 0.00 0.01  20.86
 0.00 0.01  20.88
 0.00 0.01  20.90
 0.00 0.01  20.92
 0.00 0.01  20.94
 0.00 0.01  20.96
 0.00 0.00  20.98
 0.00 0.00  21.00
 0.00 0.00  21.02
 0.00 0.00  21.04
 0.00 0.00  21.06
 0.00 0.00  21.08
 0.00 0.00  21.10
 0.00 0.00  21.12
 0.00 0.00  21.14
 0.00 0.00  21.16
 0.00 0.00  21.18
 0.00 0.00  21.20
 0.00 -0.00  21.22
 0.00 -0.00  21.24
 0.00 -0.00  21.26
 0.00 -0.00  21.28
 0.00 -0.00  21.30
 0.00 -0.00  21.32
 0.00 -0.00  21.34
 0.00 -0.00  21.36
 0.00 -0.00  21.38
 0.00 -0.00  21.40
 0.00 -0.00  21.42
 0.00 -0.00  21.44
 0.00 -0.00  21.46
 0.00 -0.00  21.48
 0.00 -0.00  21.50
 0.00 -0.00  21.52
 0.00 -0.00  21.54
 0.00 -0.00  21.56
 0.00 -0.01  21.58
 0.00 -0.01  21.60
 0.00 -0.01  21.62
 0.00 -0.01  21.64
 0.00 -0.01  21.66
 0.00 -0.01  21.68
 0.00 -0.01  21.70
 0.00 -0.01  21.72
 0.00 -0.01  21.74
 0.00 -0.01  21.76
 0.00 -0.01  21.78
 0.00 -0.01  21.80
 0.00 -0.01  21.82
 0.00 -0.01  21.84
 0.00 -0.01  21.86
 0.00 -0.01  21.88
 0.00 -0.01  21.90
 0.00 -0.01  21.92
 0.00 -0.01  21.94
 0.00 -0.00  21.96
 0.00 -0.00  21.98
 0.00 -0.00  22.00
 0.00 0.00  22.02
 0.00 0.01  22.04
 0.00 0.01  22.06
 0.00 0.01  22.08
 0.00 0.02  22.10
 0.00 0.02  22.12
 0.00 0.03  22.14
 0.00 0.03  22.16
 0.00 0.03  22.18
 0.00 0.03  22.20
 0.00 0.03  22.22
 0.00 0.03  22.24
 0.00 0.03  22.26
 0.00 0.03  22.28
 0.00 0.03  22.30
 0.00 0.03  22.32
 0.00 0.03  22.34
 0.00 0.03  22.36
 0.00 0.02  22.38
 0.00 0.02  22.40
 0.00 0.02  22.42
 0.00 0.02  22.44
 0.00 0.02  22.46
 0.00 0.02  22.48
 0.00 0.02  22.50
 0.00 0.02  22.52
 0.00 0.02  22.54
 0.00 0.02  22.56
 0.00 0.02  22.58
 0.00 0.02  22.60
 0.00 0.02  22.62
 0.00 0.02  22.64
 0.00 0.02  22.66
 0.00 0.02  22.68
 0.00 0.02  22.70
 0.00 0.02  22.72
 0.00 0.02  22.74
 0.00 0.02  22.76
 0.00 0.02  22.78
 0.00 0.02  22.80
 0.00 0.02  22.82
 0.00 0.02  22.84
 0.00 0.02  22.86
 0.00 0.02  22.88
 0.00 0.02  22.90
 0.00 0.02  22.92
 0.00 0.02  22.94
 0.00 0.02  22.96
 0.00 0.03  22.98
 0.00 0.03  23.00
 0.00 0.03  23.02
 0.00 0.03  23.04
 0.00 0.03  23.06
 0.00 0.03  23.08
 0.00 0.03  23.10
 0.00 0.03  23.12
 0.00 0.03  23.14
 0.00 0.03  23.16
 0.00 0.02  23.18
 0.00 0.02  23.20
 0.00 0.02  23.22
 0.00 0.02  23.24
 0.00 0.02  23.26
 0.00 0.02  23.28
 0.00 0.02  23.30
 0.00 0.02  23.32
 0.00 0.02  23.34
 0.00 0.02  23.36
 0.00 0.02  23.38
 0.00 0.02  23.40
 0.00 0.02  23.42
 0.00 0.02  23.44
 0.00 0.02  23.46
 0.00 0.02  23.48
 0.00 0.02  23.50
 0.00 0.02  23.52
 0.00 0.02  23.54
 0.00 0.02  23.56
 0.00 0.02  23.58
 0.00 0.01  23.60
 0.00 0.01  23.62
 0.00 0.01  23.64
 0.00 0.01  23.66
 0.00 0.01  23.68
 0.00 0.01  23.70
 0.00 0.01  23.72
 0.00 0.01  23.74
 0.00 0.01  23.76
 0.00 0.01  23.78
 0.00 0.01  23.80
 0.00 0.01  23.82
 0.00 0.01  23.84
 0.00 0.01  23.86
 0.00 0.01  23.88
 0.00 0.01  23.90
 0.00 0.01  23.92
 0.00 0.01  23.94
 0.00 0.01  23.96
 0.00 0.01  23.98
 0.00 0.01  24.00
 0.00 0.01  24.02
 0.00 0.01  24.04
 0.00 0.01  24.06
 0.00 0.01  24.08
 0.00 0.01  24.10
 0.00 0.01  24.12
 0.00 0.01  24.14
 0.00 0.01  24.16
 0.00 0.01  24.18
 0.00 0.01  24.20
 0.00 0.00  24.22
 0.00 0.00  24.24
 0.00 0.00  24.26
 0.00 0.00  24.28
 0.00 0.00  24.30
 0.00 0.00  24.32
 0.00 0.00  24.34
 0.00 0.00  24.36
 0.00 0.00  24.38
 0.00 0.00  24.40
 0.00 0.00  24.42
 0.00 0.00  24.44
 0.00 0.00  24.46
 0.00 0.00  24.48
 0.00 0.00  24.50
 0.00 0.00  24.52
 0.00 0.00  24.54
 0.00 0.00  24.56
 0.00 0.00  24.58
 0.00 0.00  24.60
 0.00 0.00  24.62
 0.00 0.00  24.64
 0.00 0.00  24.66
 0.00 0.00  24.68
 0.00 0.00  24.70
 0.00 -0.00  24.72
 0.00 -0.00  24.74
 0.00 -0.00  24.76
 0.00 -0.00  24.78
 0.00 -0.00  24.80
 0.00 -0.00  24.82
 0.00 -0.00  24.84
 0.00 -0.00  24.86
 0.00 -0.00  24.88
 0.00 -0.00  24.90
 0.00 -0.00  24.92
 0.00 -0.00  24.94
 0.00 -0.00  24.96
 0.00 -0.00  24.98
 0.00 -0.00  25.00
 0.00 -0.00  25.02
 0.00 -0.00  25.04
 0.00 -0.00  25.06
 0.00 -0.00  25.08
 0.00 -0.00  25.10
 0.00 -0.00  25.12
 0.00 -0.00  25.14
 0.00 -0.00  25.16
 0.00 -0.00  25.18
 0.00 -0.00  25.20
 0.00 -0.00  25.22
 0.00 -0.00  25.24
 0.00 -0.00  25.26
 0.00 -0.00  25.28
 0.00 -0.00  25.30
 0.00 -0.00  25.32
 0.00 -0.00  25.34
 0.00 -0.00  25.36
 0.00 -0.00  25.38
 0.00 -0.00  25.40
 0.00 -0.00  25.42
 0.00 -0.00  25.44
 0.00 -0.00  25.46
 0.00 -0.00  25.48
 0.00 -0.00  25.50
 0.00 -0.00  25.52
 0.00 -0.00  25.54
 0.00 -0.00  25.56
 0.00 -0.00  25.58
 0.00 -0.00  25.60
 0.00 -0.00  25.62
 0.00 -0.00  25.64
 0.00 -0.00  25.66
 0.00 -0.00  25.68
 0.00 -0.00  25.70
 0.00 -0.00  25.72
 0.00 -0.00  25.74
 0.00 -0.00  25.76
 0.00 -0.00  25.78
 0.00 -0.00  25.80
 0.00 -0.00  25.82
 0.00 -0.00  25.84
 0.00 -0.00  25.86
 0.00 -0.00  25.88
 0.00 -0.00  25.90
 0.00 -0.00  25.92
 0.00 -0.00  25.94
 0.00 -0.00  25.96
 0.00 -0.00  25.98
 0.00 -0.00  26.00
 0.00 -0.00  26.02
 0.00 -0.00  26.04
 0.00 -0.00  26.06
 0.00 -0.00  26.08
 0.00 -0.00  26.10
 0.00 -0.00  26.12
 0.00 -0.00  26.14
 0.00 -0.00  26.16
 0.00 -0.00  26.18
 0.00 -0.00  26.20
 0.00 -0.00  26.22
 0.00 -0.00  26.24
 0.00 -0.00  26.26
 0.00 -0.00  26.28
 0.00 -0.00  26.30
 0.00 -0.00  26.32
 0.00 -0.00  26.34
 0.00 -0.00  26.36
 0.00 -0.00  26.38
 0.00 -0.00  26.40
 0.00 -0.00  26.42
 0.00 -0.00  26.44
 0.00 -0.00  26.46
 0.00 -0.00  26.48
 0.00 -0.00  26.50
 0.00 -0.00  26.52
 0.00 -0.00  26.54
 0.00 -0.00  26.56
 0.00 -0.00  26.58
 0.00 -0.00  26.60
 0.00 -0.00  26.62
 0.00 -0.00  26.64
 0.00 -0.00  26.66
 0.00 -0.00  26.68
 0.00 -0.00  26.70
 0.00 -0.00  26.72
 0.00 -0.00  26.74
 0.00 -0.00  26.76
 0.00 -0.00  26.78
 0.00 -0.00  26.80
 0.00 -0.00  26.82
 0.00 -0.00  26.84
 0.00 -0.00  26.86
 0.00 -0.00  26.88
 0.00 -0.00  26.90
 0.00 -0.00  26.92
 0.00 -0.00  26.94
 0.00 -0.00  26.96
 0.00 -0.00  26.98
 0.00 -0.00  27.00
 0.00 -0.00  27.02
 0.00 -0.00  27.04
 0.00 -0.00  27.06
 0.00 -0.00  27.08
 0.00 -0.00  27.10
 0.00 -0.00  27.12
 0.00 -0.00  27.14
 0.00 -0.00  27.16
 0.00 -0.00  27.18
 0.00 -0.00  27.20
 0.00 -0.00  27.22
 0.00 -0.00  27.24
 0.00 -0.00  27.26
 0.00 -0.00  27.28
 0.00 -0.00  27.30
 0.00 -0.00  27.32
 0.00 -0.00  27.34
 0.00 -0.00  27.36
 0.00 -0.00  27.38
 0.00 -0.00  27.40
 0.00 -0.00  27.42
 0.00 -0.00  27.44
 0.00 -0.00  27.46
 0.00 -0.00  27.48
 0.00 -0.00  27.50
 0.00 -0.00  27.52
 0.00 -0.00  27.54
