0.91	
1.43	
1.59	
1.96	
2.18	
2.20	
2.21	
2.53	
2.82	
2.78	
2.99	
2.99	
3.03	
2.96	
2.91	
2.99	
3.12	
3.27	
3.20	
3.25	
3.17	
3.12	
3.24	
3.13	
3.13	
3.23	
3.16	
3.26	
3.15	
3.18	
3.22	
3.31	
3.33	
3.30	
3.38	
3.32	
3.40	
3.42	
3.46	
3.40	
3.44	
3.48	
3.49	
3.46	
3.44	
3.35	
3.39	
3.39	
3.44	
3.48	
3.52	
3.50	
3.50	
3.52	
3.55	
3.56	
3.56	
3.55	
3.53	
3.52	
3.48	
3.49	
3.47	
3.40	
3.33	
3.32	
3.26	
3.20	
3.20	
3.19	
3.17	
3.12	
3.12	
3.16	
3.15	
3.19	
3.23	
3.17	
3.21	
3.16	
3.14	
3.16	
3.19	
3.22	
3.21	
3.25	
3.26	
3.22	
3.22	
3.24	
3.24	
3.20	
3.21	
3.19	
3.14	
3.14	
3.12	
3.10	
3.08	
3.04	
