 2.00 0.00  0.02
 2.00 0.09  0.04
 2.00 0.24  0.06
 2.00 0.39  0.08
 2.00 0.51  0.10
 2.00 0.62  0.12
 2.00 0.68  0.14
 2.00 0.76  0.16
 2.00 0.82  0.18
 2.00 0.86  0.20
 2.00 0.88  0.22
 2.00 0.89  0.24
 2.00 0.89  0.26
 2.00 0.90  0.28
 2.00 0.88  0.30
 2.00 0.87  0.32
 2.00 0.85  0.34
 2.00 0.83  0.36
 2.00 0.81  0.38
 2.00 0.80  0.40
 2.00 0.78  0.42
 2.00 0.78  0.44
 2.00 0.78  0.46
 2.00 0.77  0.48
 2.00 0.77  0.50
 2.00 0.77  0.52
 2.00 0.77  0.54
 2.00 0.75  0.56
 2.00 0.75  0.58
 2.00 0.74  0.60
 2.00 0.75  0.62
 2.00 0.74  0.64
 2.00 0.75  0.66
 2.00 0.75  0.68
 2.00 0.76  0.70
 2.00 0.76  0.72
 2.00 0.76  0.74
 2.00 0.76  0.76
 2.00 0.76  0.78
 2.00 0.77  0.80
 2.00 0.77  0.82
 2.00 0.77  0.84
 2.00 0.77  0.86
 2.00 0.77  0.88
 2.00 0.76  0.90
 2.00 0.76  0.92
 2.00 0.76  0.94
 2.00 0.76  0.96
 2.00 0.76  0.98
 2.00 0.75  1.00
 2.00 0.75  1.02
 2.00 0.75  1.04
 2.00 0.75  1.06
 2.00 0.75  1.08
 2.00 0.75  1.10
 2.00 0.75  1.12
 2.00 0.75  1.14
 2.00 0.75  1.16
 2.00 0.75  1.18
 2.00 0.75  1.20
 2.00 0.75  1.22
 2.00 0.75  1.24
 2.00 0.75  1.26
 2.00 0.75  1.28
 2.00 0.75  1.30
 2.00 0.75  1.32
 2.00 0.75  1.34
 2.00 0.75  1.36
 2.00 0.75  1.38
 2.00 0.75  1.40
 2.00 0.75  1.42
 2.00 0.75  1.44
 2.00 0.75  1.46
 2.00 0.75  1.48
 2.00 0.75  1.50
 2.00 0.75  1.52
 2.00 0.75  1.54
 2.00 0.75  1.56
 2.00 0.75  1.58
 2.00 0.75  1.60
 2.00 0.75  1.62
 2.00 0.75  1.64
 2.00 0.75  1.66
 2.00 0.75  1.68
 2.00 0.76  1.70
 2.00 0.76  1.72
 2.00 0.76  1.74
 2.00 0.75  1.76
 2.00 0.75  1.78
 2.00 0.75  1.80
 2.00 0.75  1.82
 2.00 0.75  1.84
 2.00 0.75  1.86
 2.00 0.74  1.88
 2.00 0.74  1.90
 2.00 0.74  1.92
 2.00 0.74  1.94
 2.00 0.74  1.96
 2.00 0.75  1.98
 2.00 0.75  2.00
 2.00 0.75  2.02
 2.00 0.75  2.04
 2.00 0.75  2.06
 2.00 0.75  2.08
 2.00 0.76  2.10
 2.00 0.76  2.12
 2.00 0.76  2.14
 2.00 0.76  2.16
 2.00 0.75  2.18
 2.00 0.75  2.20
 2.00 0.75  2.22
 2.00 0.75  2.24
 2.00 0.75  2.26
 2.00 0.75  2.28
 2.00 0.75  2.30
 2.00 0.75  2.32
 2.00 0.75  2.34
 2.00 0.75  2.36
 2.00 0.75  2.38
 2.00 0.75  2.40
 2.00 0.75  2.42
 2.00 0.75  2.44
 2.00 0.75  2.46
 2.00 0.75  2.48
 2.00 0.75  2.50
 2.00 0.75  2.52
 2.00 0.75  2.54
 2.00 0.75  2.56
 2.00 0.75  2.58
 2.00 0.75  2.60
 2.00 0.75  2.62
 2.00 0.75  2.64
 2.00 0.75  2.66
 2.00 0.75  2.68
 2.00 0.75  2.70
 2.00 0.75  2.72
 2.00 0.75  2.74
 2.00 0.75  2.76
 2.00 0.75  2.78
 2.00 0.75  2.80
 2.00 0.75  2.82
 2.00 0.75  2.84
 2.00 0.75  2.86
 2.00 0.75  2.88
 2.00 0.75  2.90
 2.00 0.75  2.92
 2.00 0.75  2.94
 2.00 0.75  2.96
 2.00 0.75  2.98
 2.00 0.75  3.00
 2.00 0.75  3.02
 2.00 0.75  3.04
 2.00 0.75  3.06
 2.00 0.75  3.08
 2.00 0.75  3.10
 2.00 0.75  3.12
 2.00 0.75  3.14
 2.00 0.75  3.16
 2.00 0.75  3.18
 2.00 0.75  3.20
 2.00 0.75  3.22
 2.00 0.75  3.24
 2.00 0.75  3.26
 2.00 0.75  3.28
 2.00 0.75  3.30
 2.00 0.75  3.32
 2.00 0.75  3.34
 2.00 0.75  3.36
 2.00 0.75  3.38
 2.00 0.75  3.40
 2.00 0.75  3.42
 2.00 0.75  3.44
 2.00 0.75  3.46
 2.00 0.75  3.48
 2.00 0.75  3.50
 2.00 0.75  3.52
 2.00 0.75  3.54
 2.00 0.75  3.56
 2.00 0.75  3.58
 2.00 0.75  3.60
 2.00 0.75  3.62
 2.00 0.75  3.64
 2.00 0.75  3.66
 2.00 0.75  3.68
 2.00 0.75  3.70
 2.00 0.75  3.72
 2.00 0.75  3.74
 2.00 0.75  3.76
 2.00 0.75  3.78
 2.00 0.75  3.80
 2.00 0.75  3.82
 2.00 0.75  3.84
 2.00 0.75  3.86
 2.00 0.75  3.88
 2.00 0.75  3.90
 2.00 0.75  3.92
 2.00 0.75  3.94
 2.00 0.75  3.96
 2.00 0.75  3.98
 2.00 0.75  4.00
 2.00 0.75  4.02
 2.00 0.75  4.04
 2.00 0.75  4.06
 2.00 0.75  4.08
 2.00 0.75  4.10
 2.00 0.75  4.12
 2.00 0.75  4.14
 2.00 0.75  4.16
 2.00 0.75  4.18
 2.00 0.75  4.20
 2.00 0.75  4.22
 2.00 0.75  4.24
 2.00 0.75  4.26
 2.00 0.75  4.28
 2.00 0.75  4.30
 2.00 0.75  4.32
 2.00 0.75  4.34
 2.00 0.75  4.36
 2.00 0.75  4.38
 2.00 0.75  4.40
 2.00 0.75  4.42
 2.00 0.75  4.44
 2.00 0.75  4.46
 2.00 0.75  4.48
 2.00 0.75  4.50
 2.00 0.75  4.52
 2.00 0.75  4.54
 2.00 0.75  4.56
 2.00 0.75  4.58
 2.00 0.75  4.60
 2.00 0.75  4.62
 2.00 0.75  4.64
 2.00 0.75  4.66
 2.00 0.75  4.68
 2.00 0.75  4.70
 2.00 0.75  4.72
 2.00 0.75  4.74
 2.00 0.75  4.76
 2.00 0.75  4.78
 2.00 0.75  4.80
 2.00 0.75  4.82
 2.00 0.75  4.84
 2.00 0.75  4.86
 2.00 0.75  4.88
 2.00 0.75  4.90
 2.00 0.75  4.92
 2.00 0.75  4.94
 2.00 0.75  4.96
 2.00 0.75  4.98
 2.00 0.75  5.00
 2.00 0.75  5.02
 2.00 0.75  5.04
 2.00 0.75  5.06
 2.00 0.75  5.08
 2.00 0.75  5.10
 2.00 0.75  5.12
 2.00 0.75  5.14
 2.00 0.75  5.16
 2.00 0.75  5.18
 2.00 0.75  5.20
 2.00 0.75  5.22
 2.00 0.75  5.24
 2.00 0.75  5.26
 2.00 0.75  5.28
 2.00 0.75  5.30
 2.00 0.75  5.32
 2.00 0.75  5.34
 2.00 0.75  5.36
 2.00 0.75  5.38
 2.00 0.75  5.40
 2.00 0.75  5.42
 2.00 0.75  5.44
 2.00 0.75  5.46
 2.00 0.75  5.48
 2.00 0.75  5.50
 2.00 0.75  5.52
 2.00 0.75  5.54
 2.00 0.75  5.56
 2.00 0.75  5.58
 2.00 0.75  5.60
 2.00 0.75  5.62
 2.00 0.75  5.64
 2.00 0.75  5.66
 2.00 0.75  5.68
 2.00 0.75  5.70
 2.00 0.75  5.72
 2.00 0.75  5.74
 2.00 0.75  5.76
 2.00 0.75  5.78
 2.00 0.75  5.80
 2.00 0.75  5.82
 2.00 0.75  5.84
 2.00 0.75  5.86
 2.00 0.75  5.88
 2.00 0.75  5.90
 2.00 0.75  5.92
 2.00 0.75  5.94
 2.00 0.75  5.96
 2.00 0.75  5.98
 2.00 0.75  6.00
 2.00 0.75  6.02
 2.00 0.75  6.04
 2.00 0.75  6.06
 2.00 0.75  6.08
 2.00 0.75  6.10
 2.00 0.75  6.12
 2.00 0.75  6.14
 2.00 0.75  6.16
 2.00 0.75  6.18
 2.00 0.75  6.20
 2.00 0.75  6.22
 2.00 0.75  6.24
 2.00 0.75  6.26
 2.00 0.75  6.28
 2.00 0.75  6.30
 2.00 0.75  6.32
 2.00 0.75  6.34
 2.00 0.75  6.36
 2.00 0.75  6.38
 2.00 0.75  6.40
 2.00 0.75  6.42
 2.00 0.75  6.44
 2.00 0.75  6.46
 2.00 0.75  6.48
 2.00 0.75  6.50
 2.00 0.75  6.52
 2.00 0.75  6.54
 2.00 0.75  6.56
 2.00 0.75  6.58
 2.00 0.75  6.60
 2.00 0.75  6.62
 2.00 0.75  6.64
 2.00 0.75  6.66
 2.00 0.75  6.68
 2.00 0.75  6.70
 2.00 0.75  6.72
 2.00 0.75  6.74
 2.00 0.75  6.76
 2.00 0.75  6.78
 2.00 0.75  6.80
 2.00 0.75  6.82
 2.00 0.75  6.84
 2.00 0.75  6.86
 2.00 0.75  6.88
 2.00 0.75  6.90
 2.00 0.75  6.92
 2.00 0.75  6.94
 2.00 0.75  6.96
 2.00 0.75  6.98
 2.00 0.75  7.00
 2.00 0.75  7.02
 2.00 0.75  7.04
 2.00 0.75  7.06
 2.00 0.75  7.08
 2.00 0.75  7.10
 2.00 0.75  7.12
 2.00 0.75  7.14
 2.00 0.75  7.16
 2.00 0.75  7.18
 2.00 0.75  7.20
 2.00 0.75  7.22
 2.00 0.75  7.24
 2.00 0.75  7.26
 2.00 0.75  7.28
 2.00 0.75  7.30
 2.00 0.75  7.32
 2.00 0.75  7.34
 2.00 0.75  7.36
 2.00 0.75  7.38
 2.00 0.75  7.40
 2.00 0.75  7.42
 2.00 0.75  7.44
 2.00 0.75  7.46
 2.00 0.75  7.48
 2.00 0.75  7.50
 2.00 0.75  7.52
 2.00 0.75  7.54
 2.00 0.75  7.56
 2.00 0.75  7.58
 2.00 0.75  7.60
 2.00 0.75  7.62
 2.00 0.75  7.64
 2.00 0.75  7.66
 2.00 0.75  7.68
 2.00 0.75  7.70
 2.00 0.75  7.72
 2.00 0.75  7.74
 2.00 0.75  7.76
 2.00 0.75  7.78
 2.00 0.75  7.80
 2.00 0.75  7.82
 2.00 0.75  7.84
 2.00 0.75  7.86
 2.00 0.75  7.88
 2.00 0.75  7.90
 2.00 0.75  7.92
 2.00 0.75  7.94
 2.00 0.75  7.96
 2.00 0.75  7.98
 2.00 0.75  8.00
 2.00 0.75  8.02
 2.00 0.75  8.04
 2.00 0.75  8.06
 2.00 0.75  8.08
 2.00 0.75  8.10
 2.00 0.75  8.12
 2.00 0.75  8.14
 2.00 0.75  8.16
 2.00 0.75  8.18
 2.00 0.75  8.20
 2.00 0.75  8.22
 2.00 0.75  8.24
 2.00 0.75  8.26
 2.00 0.75  8.28
 2.00 0.75  8.30
 2.00 0.75  8.32
 2.00 0.75  8.34
 2.00 0.75  8.36
 2.00 0.75  8.38
 2.00 0.75  8.40
 2.00 0.75  8.42
 2.00 0.75  8.44
 2.00 0.75  8.46
 2.00 0.75  8.48
 2.00 0.75  8.50
 2.00 0.75  8.52
 2.00 0.75  8.54
 2.00 0.75  8.56
 2.00 0.75  8.58
 2.00 0.75  8.60
 2.00 0.75  8.62
 2.00 0.75  8.64
 2.00 0.75  8.66
 2.00 0.75  8.68
 2.00 0.75  8.70
 2.00 0.75  8.72
 2.00 0.75  8.74
 2.00 0.75  8.76
 2.00 0.75  8.78
 2.00 0.75  8.80
 2.00 0.75  8.82
 2.00 0.75  8.84
 2.00 0.75  8.86
 2.00 0.75  8.88
 2.00 0.75  8.90
 2.00 0.75  8.92
 2.00 0.75  8.94
 2.00 0.75  8.96
 2.00 0.75  8.98
 2.00 0.75  9.00
 2.00 0.75  9.02
 2.00 0.75  9.04
 2.00 0.75  9.06
 2.00 0.75  9.08
 2.00 0.75  9.10
 2.00 0.75  9.12
 2.00 0.75  9.14
 2.00 0.75  9.16
 2.00 0.75  9.18
 2.00 0.75  9.20
 2.00 0.75  9.22
 2.00 0.75  9.24
 2.00 0.75  9.26
 2.00 0.75  9.28
 2.00 0.75  9.30
 2.00 0.75  9.32
 2.00 0.75  9.34
 2.00 0.75  9.36
 2.00 0.75  9.38
 2.00 0.75  9.40
 2.00 0.75  9.42
 2.00 0.75  9.44
 2.00 0.75  9.46
 2.00 0.75  9.48
 2.00 0.75  9.50
 2.00 0.75  9.52
 2.00 0.75  9.54
 2.00 0.75  9.56
 2.00 0.75  9.58
 2.00 0.75  9.60
 2.00 0.75  9.62
 2.00 0.75  9.64
 2.00 0.75  9.66
 2.00 0.75  9.68
 2.00 0.75  9.70
 2.00 0.75  9.72
 2.00 0.75  9.74
 2.00 0.75  9.76
 2.00 0.75  9.78
 2.00 0.75  9.80
 2.00 0.75  9.82
 2.00 0.75  9.84
 2.00 0.75  9.86
 2.00 0.75  9.88
 2.00 0.75  9.90
 2.00 0.75  9.92
 2.00 0.75  9.94
 2.00 0.75  9.96
 2.00 0.75  9.98
 2.00 0.75  10.00
 2.00 0.75  10.02
 1.99 0.75  10.04
 1.98 0.75  10.06
 1.97 0.75  10.08
 1.96 0.75  10.10
 1.95 0.75  10.12
 1.94 0.75  10.14
 1.93 0.75  10.16
 1.92 0.75  10.18
 1.91 0.74  10.20
 1.90 0.74  10.22
 1.89 0.74  10.24
 1.88 0.74  10.26
 1.87 0.74  10.28
 1.86 0.73  10.30
 1.85 0.73  10.32
 1.84 0.73  10.34
 1.83 0.72  10.36
 1.82 0.72  10.38
 1.81 0.72  10.40
 1.80 0.71  10.42
 1.79 0.71  10.44
 1.78 0.70  10.46
 1.77 0.70  10.48
 1.76 0.69  10.50
 1.75 0.69  10.52
 1.74 0.68  10.54
 1.73 0.68  10.56
 1.72 0.67  10.58
 1.71 0.67  10.60
 1.70 0.66  10.62
 1.69 0.65  10.64
 1.68 0.65  10.66
 1.67 0.64  10.68
 1.66 0.64  10.70
 1.65 0.63  10.72
 1.64 0.62  10.74
 1.63 0.62  10.76
 1.62 0.61  10.78
 1.61 0.61  10.80
 1.60 0.60  10.82
 1.59 0.59  10.84
 1.58 0.59  10.86
 1.57 0.58  10.88
 1.56 0.57  10.90
 1.55 0.57  10.92
 1.54 0.56  10.94
 1.53 0.56  10.96
 1.52 0.55  10.98
 1.51 0.54  11.00
 1.50 0.53  11.02
 1.49 0.53  11.04
 1.48 0.52  11.06
 1.47 0.52  11.08
 1.46 0.51  11.10
 1.45 0.50  11.12
 1.44 0.50  11.14
 1.43 0.49  11.16
 1.42 0.48  11.18
 1.41 0.47  11.20
 1.40 0.47  11.22
 1.39 0.46  11.24
 1.38 0.45  11.26
 1.37 0.45  11.28
 1.36 0.44  11.30
 1.35 0.43  11.32
 1.34 0.42  11.34
 1.33 0.42  11.36
 1.32 0.41  11.38
 1.31 0.40  11.40
 1.30 0.40  11.42
 1.29 0.39  11.44
 1.28 0.38  11.46
 1.27 0.38  11.48
 1.26 0.37  11.50
 1.25 0.37  11.52
 1.24 0.36  11.54
 1.23 0.35  11.56
 1.22 0.34  11.58
 1.21 0.34  11.60
 1.20 0.33  11.62
 1.19 0.32  11.64
 1.18 0.31  11.66
 1.17 0.31  11.68
 1.16 0.30  11.70
 1.15 0.29  11.72
 1.14 0.28  11.74
 1.13 0.28  11.76
 1.12 0.27  11.78
 1.11 0.27  11.80
 1.10 0.26  11.82
 1.09 0.26  11.84
 1.08 0.25  11.86
 1.07 0.24  11.88
 1.06 0.24  11.90
 1.05 0.23  11.92
 1.04 0.22  11.94
 1.03 0.22  11.96
 1.02 0.21  11.98
 1.01 0.20  12.00
 1.00 0.19  12.02
 0.99 0.18  12.04
 0.98 0.18  12.06
 0.97 0.17  12.08
 0.96 0.16  12.10
 0.95 0.15  12.12
 0.94 0.15  12.14
 0.93 0.14  12.16
 0.92 0.13  12.18
 0.91 0.13  12.20
 0.90 0.12  12.22
 0.89 0.11  12.24
 0.88 0.11  12.26
 0.87 0.10  12.28
 0.86 0.10  12.30
 0.85 0.09  12.32
 0.84 0.08  12.34
 0.83 0.08  12.36
 0.82 0.07  12.38
 0.81 0.07  12.40
 0.80 0.06  12.42
 0.79 0.06  12.44
 0.78 0.05  12.46
 0.77 0.05  12.48
 0.76 0.04  12.50
 0.75 0.04  12.52
 0.74 0.03  12.54
 0.73 0.03  12.56
 0.72 0.02  12.58
 0.71 0.02  12.60
 0.70 0.01  12.62
 0.69 0.01  12.64
 0.68 0.00  12.66
 0.67 0.00  12.68
 0.66 -0.00  12.70
 0.65 -0.01  12.72
 0.64 -0.01  12.74
 0.63 -0.02  12.76
 0.62 -0.02  12.78
 0.61 -0.02  12.80
 0.60 -0.03  12.82
 0.59 -0.03  12.84
 0.58 -0.03  12.86
 0.57 -0.04  12.88
 0.56 -0.04  12.90
 0.55 -0.04  12.92
 0.54 -0.05  12.94
 0.53 -0.05  12.96
 0.52 -0.05  12.98
 0.51 -0.05  13.00
 0.50 -0.06  13.02
 0.49 -0.06  13.04
 0.48 -0.06  13.06
 0.47 -0.06  13.08
 0.46 -0.07  13.10
 0.45 -0.07  13.12
 0.44 -0.07  13.14
 0.43 -0.07  13.16
 0.42 -0.08  13.18
 0.41 -0.08  13.20
 0.40 -0.08  13.22
 0.39 -0.08  13.24
 0.38 -0.08  13.26
 0.37 -0.09  13.28
 0.36 -0.09  13.30
 0.35 -0.09  13.32
 0.34 -0.09  13.34
 0.33 -0.09  13.36
 0.32 -0.09  13.38
 0.31 -0.10  13.40
 0.30 -0.10  13.42
 0.29 -0.10  13.44
 0.28 -0.10  13.46
 0.27 -0.10  13.48
 0.26 -0.10  13.50
 0.25 -0.10  13.52
 0.24 -0.11  13.54
 0.23 -0.11  13.56
 0.22 -0.11  13.58
 0.21 -0.11  13.60
 0.20 -0.11  13.62
 0.19 -0.11  13.64
 0.18 -0.11  13.66
 0.17 -0.11  13.68
 0.16 -0.11  13.70
 0.15 -0.11  13.72
 0.14 -0.11  13.74
 0.13 -0.12  13.76
 0.12 -0.12  13.78
 0.11 -0.12  13.80
 0.10 -0.12  13.82
 0.09 -0.12  13.84
 0.08 -0.12  13.86
 0.07 -0.12  13.88
 0.06 -0.12  13.90
 0.05 -0.12  13.92
 0.04 -0.12  13.94
 0.03 -0.12  13.96
 0.02 -0.12  13.98
 0.01 -0.12  14.00
 0.00 -0.12  14.02
 0.00 -0.12  14.04
 0.00 -0.12  14.06
 0.00 -0.12  14.08
 0.00 -0.12  14.10
 0.00 -0.12  14.12
 0.00 -0.12  14.14
 0.00 -0.12  14.16
 0.00 -0.12  14.18
 0.00 -0.12  14.20
 0.00 -0.12  14.22
 0.00 -0.12  14.24
 0.00 -0.12  14.26
 0.00 -0.12  14.28
 0.00 -0.12  14.30
 0.00 -0.12  14.32
 0.00 -0.12  14.34
 0.00 -0.12  14.36
 0.00 -0.12  14.38
 0.00 -0.12  14.40
 0.00 -0.12  14.42
 0.00 -0.12  14.44
 0.00 -0.12  14.46
 0.00 -0.12  14.48
 0.00 -0.12  14.50
 0.00 -0.12  14.52
 0.00 -0.12  14.54
 0.00 -0.12  14.56
 0.00 -0.12  14.58
 0.00 -0.12  14.60
 0.00 -0.12  14.62
 0.00 -0.12  14.64
 0.00 -0.12  14.66
 0.00 -0.12  14.68
 0.00 -0.12  14.70
 0.00 -0.12  14.72
 0.00 -0.12  14.74
 0.00 -0.11  14.76
 0.00 -0.11  14.78
 0.00 -0.11  14.80
 0.00 -0.11  14.82
 0.00 -0.11  14.84
 0.00 -0.11  14.86
 0.00 -0.11  14.88
 0.00 -0.11  14.90
 0.00 -0.11  14.92
 0.00 -0.11  14.94
 0.00 -0.11  14.96
 0.00 -0.11  14.98
 0.00 -0.11  15.00
 0.00 -0.11  15.02
 0.00 -0.11  15.04
 0.00 -0.11  15.06
 0.00 -0.11  15.08
 0.00 -0.10  15.10
 0.00 -0.10  15.12
 0.00 -0.10  15.14
 0.00 -0.10  15.16
 0.00 -0.10  15.18
 0.00 -0.10  15.20
 0.00 -0.10  15.22
 0.00 -0.10  15.24
 0.00 -0.10  15.26
 0.00 -0.10  15.28
 0.00 -0.10  15.30
 0.00 -0.10  15.32
 0.00 -0.10  15.34
 0.00 -0.10  15.36
 0.00 -0.10  15.38
 0.00 -0.09  15.40
 0.00 -0.09  15.42
 0.00 -0.09  15.44
 0.00 -0.09  15.46
 0.00 -0.09  15.48
 0.00 -0.09  15.50
 0.00 -0.09  15.52
 0.00 -0.09  15.54
 0.00 -0.09  15.56
 0.00 -0.09  15.58
 0.00 -0.09  15.60
 0.00 -0.09  15.62
 0.00 -0.09  15.64
 0.00 -0.08  15.66
 0.00 -0.08  15.68
 0.00 -0.08  15.70
 0.00 -0.08  15.72
 0.00 -0.08  15.74
 0.00 -0.08  15.76
 0.00 -0.08  15.78
 0.00 -0.08  15.80
 0.00 -0.08  15.82
 0.00 -0.08  15.84
 0.00 -0.08  15.86
 0.00 -0.08  15.88
 0.00 -0.08  15.90
 0.00 -0.08  15.92
 0.00 -0.07  15.94
 0.00 -0.07  15.96
 0.00 -0.07  15.98
 0.00 -0.07  16.00
 0.00 -0.07  16.02
 0.00 -0.07  16.04
 0.00 -0.07  16.06
 0.00 -0.07  16.08
 0.00 -0.07  16.10
 0.00 -0.07  16.12
 0.00 -0.07  16.14
 0.00 -0.07  16.16
 0.00 -0.07  16.18
 0.00 -0.07  16.20
 0.00 -0.06  16.22
 0.00 -0.06  16.24
 0.00 -0.06  16.26
 0.00 -0.06  16.28
 0.00 -0.06  16.30
 0.00 -0.06  16.32
 0.00 -0.06  16.34
 0.00 -0.06  16.36
 0.00 -0.06  16.38
 0.00 -0.06  16.40
 0.00 -0.06  16.42
 0.00 -0.06  16.44
 0.00 -0.06  16.46
 0.00 -0.06  16.48
 0.00 -0.06  16.50
 0.00 -0.05  16.52
 0.00 -0.05  16.54
 0.00 -0.05  16.56
 0.00 -0.05  16.58
 0.00 -0.05  16.60
 0.00 -0.05  16.62
 0.00 -0.05  16.64
 0.00 -0.05  16.66
 0.00 -0.05  16.68
 0.00 -0.05  16.70
 0.00 -0.05  16.72
 0.00 -0.05  16.74
 0.00 -0.05  16.76
 0.00 -0.05  16.78
 0.00 -0.05  16.80
 0.00 -0.05  16.82
 0.00 -0.04  16.84
 0.00 -0.04  16.86
 0.00 -0.04  16.88
 0.00 -0.04  16.90
 0.00 -0.04  16.92
 0.00 -0.04  16.94
 0.00 -0.04  16.96
 0.00 -0.04  16.98
 0.00 -0.04  17.00
 0.00 -0.04  17.02
 0.00 -0.04  17.04
 0.00 -0.04  17.06
 0.00 -0.04  17.08
 0.00 -0.04  17.10
 0.00 -0.04  17.12
 0.00 -0.04  17.14
 0.00 -0.04  17.16
 0.00 -0.04  17.18
 0.00 -0.03  17.20
 0.00 -0.03  17.22
 0.00 -0.03  17.24
 0.00 -0.03  17.26
 0.00 -0.03  17.28
 0.00 -0.03  17.30
 0.00 -0.03  17.32
 0.00 -0.03  17.34
 0.00 -0.03  17.36
 0.00 -0.03  17.38
 0.00 -0.03  17.40
 0.00 -0.03  17.42
 0.00 -0.03  17.44
 0.00 -0.03  17.46
 0.00 -0.03  17.48
 0.00 -0.03  17.50
 0.00 -0.03  17.52
 0.00 -0.03  17.54
 0.00 -0.03  17.56
 0.00 -0.03  17.58
 0.00 -0.03  17.60
 0.00 -0.02  17.62
 0.00 -0.02  17.64
 0.00 -0.02  17.66
 0.00 -0.02  17.68
 0.00 -0.02  17.70
 0.00 -0.02  17.72
 0.00 -0.02  17.74
 0.00 -0.02  17.76
 0.00 -0.02  17.78
 0.00 -0.02  17.80
 0.00 -0.02  17.82
 0.00 -0.02  17.84
 0.00 -0.02  17.86
 0.00 -0.02  17.88
 0.00 -0.02  17.90
 0.00 -0.02  17.92
 0.00 -0.02  17.94
 0.00 -0.02  17.96
 0.00 -0.02  17.98
 0.00 -0.02  18.00
 0.00 -0.02  18.02
 0.00 -0.02  18.04
 0.00 -0.02  18.06
 0.00 -0.02  18.08
 0.00 -0.02  18.10
 0.00 -0.02  18.12
 0.00 -0.02  18.14
 0.00 -0.02  18.16
 0.00 -0.01  18.18
 0.00 -0.01  18.20
 0.00 -0.01  18.22
 0.00 -0.01  18.24
 0.00 -0.01  18.26
 0.00 -0.01  18.28
 0.00 -0.01  18.30
 0.00 -0.01  18.32
 0.00 -0.01  18.34
 0.00 -0.01  18.36
 0.00 -0.01  18.38
 0.00 -0.01  18.40
 0.00 -0.01  18.42
 0.00 -0.01  18.44
 0.00 -0.01  18.46
 0.00 -0.01  18.48
 0.00 -0.01  18.50
 0.00 -0.01  18.52
 0.00 -0.01  18.54
 0.00 -0.01  18.56
 0.00 -0.01  18.58
 0.00 -0.01  18.60
 0.00 -0.01  18.62
 0.00 -0.01  18.64
 0.00 -0.01  18.66
 0.00 -0.01  18.68
 0.00 -0.01  18.70
 0.00 -0.01  18.72
 0.00 -0.01  18.74
 0.00 -0.01  18.76
 0.00 -0.01  18.78
 0.00 -0.01  18.80
 0.00 -0.01  18.82
 0.00 -0.01  18.84
 0.00 -0.01  18.86
 0.00 -0.01  18.88
 0.00 -0.01  18.90
 0.00 -0.01  18.92
 0.00 -0.01  18.94
 0.00 -0.01  18.96
 0.00 -0.01  18.98
 0.00 -0.01  19.00
 0.00 -0.01  19.02
 0.00 -0.01  19.04
 0.00 -0.00  19.06
 0.00 -0.00  19.08
 0.00 -0.00  19.10
 0.00 -0.00  19.12
 0.00 -0.00  19.14
 0.00 -0.00  19.16
 0.00 -0.00  19.18
 0.00 -0.00  19.20
 0.00 -0.00  19.22
 0.00 -0.00  19.24
 0.00 -0.00  19.26
 0.00 -0.00  19.28
 0.00 -0.00  19.30
 0.00 -0.00  19.32
 0.00 -0.00  19.34
 0.00 -0.00  19.36
 0.00 -0.00  19.38
 0.00 -0.00  19.40
 0.00 -0.00  19.42
 0.00 -0.00  19.44
 0.00 -0.00  19.46
 0.00 -0.00  19.48
 0.00 -0.00  19.50
 0.00 -0.00  19.52
 0.00 -0.00  19.54
 0.00 -0.00  19.56
 0.00 -0.00  19.58
 0.00 -0.00  19.60
 0.00 -0.00  19.62
 0.00 -0.00  19.64
 0.00 -0.00  19.66
 0.00 -0.00  19.68
 0.00 -0.00  19.70
 0.00 -0.00  19.72
 0.00 -0.00  19.74
 0.00 -0.00  19.76
 0.00 -0.00  19.78
 0.00 -0.00  19.80
 0.00 -0.00  19.82
 0.00 -0.00  19.84
 0.00 -0.00  19.86
 0.00 -0.00  19.88
 0.00 -0.00  19.90
 0.00 -0.00  19.92
 0.00 0.00  19.94
 0.00 0.00  19.96
 0.00 0.00  19.98
 0.00 0.00  20.00
 0.00 0.00  20.02
 0.00 0.00  20.04
 0.00 0.00  20.06
 0.00 0.00  20.08
 0.00 0.00  20.10
 0.00 0.00  20.12
 0.00 0.00  20.14
 0.00 0.00  20.16
 0.00 0.00  20.18
 0.00 0.00  20.20
 0.00 0.00  20.22
 0.00 0.00  20.24
 0.00 0.00  20.26
 0.00 0.00  20.28
 0.00 0.00  20.30
 0.00 0.00  20.32
 0.00 0.00  20.34
 0.00 0.00  20.36
 0.00 0.00  20.38
 0.00 0.00  20.40
 0.00 0.00  20.42
 0.00 0.00  20.44
 0.00 0.00  20.46
 0.00 0.00  20.48
 0.00 0.00  20.50
 0.00 0.00  20.52
 0.00 0.00  20.54
 0.00 0.00  20.56
 0.00 0.00  20.58
 0.00 0.00  20.60
 0.00 0.00  20.62
 0.00 0.00  20.64
 0.00 0.00  20.66
 0.00 0.00  20.68
 0.00 0.00  20.70
 0.00 0.00  20.72
 0.00 0.00  20.74
 0.00 0.00  20.76
 0.00 0.00  20.78
 0.00 0.00  20.80
 0.00 0.00  20.82
 0.00 0.00  20.84
 0.00 0.00  20.86
 0.00 0.00  20.88
 0.00 0.00  20.90
 0.00 0.00  20.92
 0.00 0.00  20.94
 0.00 0.00  20.96
 0.00 0.00  20.98
 0.00 0.00  21.00
 0.00 0.00  21.02
 0.00 0.00  21.04
 0.00 0.00  21.06
 0.00 0.00  21.08
 0.00 0.00  21.10
 0.00 0.00  21.12
 0.00 0.00  21.14
 0.00 0.00  21.16
 0.00 0.00  21.18
 0.00 0.00  21.20
 0.00 0.00  21.22
 0.00 0.00  21.24
 0.00 0.00  21.26
 0.00 0.00  21.28
 0.00 0.00  21.30
 0.00 0.00  21.32
 0.00 0.00  21.34
 0.00 0.00  21.36
 0.00 0.00  21.38
 0.00 0.00  21.40
 0.00 0.00  21.42
 0.00 0.00  21.44
 0.00 0.00  21.46
 0.00 0.00  21.48
 0.00 0.00  21.50
 0.00 0.00  21.52
 0.00 0.00  21.54
 0.00 0.00  21.56
 0.00 0.00  21.58
 0.00 0.00  21.60
 0.00 0.00  21.62
 0.00 0.00  21.64
 0.00 0.00  21.66
 0.00 0.00  21.68
 0.00 0.00  21.70
 0.00 0.00  21.72
 0.00 0.00  21.74
 0.00 0.00  21.76
 0.00 0.00  21.78
 0.00 0.00  21.80
 0.00 0.00  21.82
 0.00 0.00  21.84
 0.00 0.00  21.86
 0.00 0.00  21.88
 0.00 0.00  21.90
 0.00 0.00  21.92
 0.00 0.00  21.94
 0.00 0.00  21.96
 0.00 0.00  21.98
 0.00 0.00  22.00
 0.00 0.00  22.02
 0.00 0.00  22.04
 0.00 0.00  22.06
 0.00 0.00  22.08
 0.00 0.00  22.10
 0.00 0.00  22.12
