0.00
1.86
2.72
1.41
1.40
2.02
2.12
1.72
1.47
1.36
1.29
1.24
1.16
1.08
1.02
0.97
0.93
0.87
0.84
0.80
0.78
0.77
0.77
0.76
0.76
0.75
0.76
0.76
0.79
0.81
0.83
0.85
0.88
0.91
0.93
0.96
0.99
1.03
1.06
1.10
1.13
1.18
1.21
1.26
1.29
1.34
1.37
1.41
1.45
1.49
1.53
1.56
1.60
1.63
1.67
1.71
1.74
1.77
1.81
1.84
1.87
1.89
1.93
1.95
1.99
2.01
2.03
2.06
2.08
2.11
2.12
2.15
2.16
2.18
2.19
2.21
2.21
2.23
2.24
2.26
2.27
2.27
2.28
2.29
2.30
2.30
2.30
2.30
2.31
2.30
2.31
2.30
2.31
2.30
2.30
2.30
2.29
2.29
2.29
2.28
2.27
2.27
2.26
2.25
2.24
2.23
2.22
2.21
2.20
2.19
2.18
2.17
2.16
2.15
2.15
2.13
2.12
2.11
2.10
2.09
2.08
2.07
2.06
2.05
2.04
2.03
2.02
2.01
2.00
2.00
1.98
1.98
1.97
1.96
1.95
1.94
1.94
1.93
1.92
1.92
1.91
1.90
1.90
1.89
1.89
1.88
1.88
1.87
1.87
1.87
1.87
1.86
1.86
1.86
1.86
1.85
1.85
1.85
1.85
1.85
1.85
1.85
1.85
1.85
1.85
1.85
1.85
1.85
1.85
1.86
1.86
1.86
1.86
1.87
1.87
1.87
1.88
1.88
1.88
1.88
1.89
1.89
1.90
1.90
1.90
1.91
1.91
1.92
1.92
1.92
1.93
1.93
1.94
1.94
1.95
1.95
1.96
1.96
1.96
1.97
1.97
1.98
1.98
1.99
1.99
1.99
1.99
2.00
2.01
2.01
2.01
2.02
2.02
2.02
2.03
2.03
2.03
2.03
2.04
2.04
2.04
2.04
2.05
2.05
2.05
2.05
2.05
2.06
2.06
2.06
2.06
2.07
2.07
2.07
2.07
2.07
2.07
2.07
2.07
2.07
2.07
2.07
2.07
2.07
2.07
2.07
2.07
2.07
2.07
2.07
2.07
2.07
2.07
2.07
2.06
2.06
2.06
2.06
2.06
2.06
2.05
2.05
2.05
2.05
2.05
2.05
2.04
2.04
2.04
2.03
2.03
2.03
2.03
2.02
2.02
2.02
2.02
2.01
2.01
2.01
2.00
2.00
2.00
1.99
1.99
1.99
1.99
1.98
1.98
1.98
1.98
1.98
1.97
1.97
1.97
1.97
1.97
1.97
1.96
1.96
1.96
1.96
1.96
1.96
1.95
1.95
1.95
1.95
1.95
1.94
1.94
1.94
1.94
1.94
1.94
1.94
1.94
1.94
1.94
1.94
1.94
1.94
1.94
1.94
1.94
1.94
1.94
1.94
1.94
1.94
1.94
1.94
1.94
1.95
1.95
1.95
1.95
1.95
1.95
1.95
1.95
1.95
1.96
1.96
1.96
1.96
1.96
1.96
1.97
1.97
1.97
1.97
1.97
1.98
1.98
1.98
1.98
1.99
1.99
1.99
1.99
1.99
1.99
2.00
2.00
2.00
2.00
2.00
2.01
2.01
2.01
2.01
2.01
2.02
2.02
2.02
2.02
2.02
2.02
2.02
2.02
2.03
2.03
2.03
2.03
2.03
2.03
2.03
2.03
2.03
2.03
2.03
2.03
2.03
2.03
2.03
2.03
2.03
2.03
2.03
2.04
2.03
2.04
2.03
2.03
2.03
2.03
2.03
2.03
2.03
2.03
2.03
2.03
2.03
2.03
2.03
2.03
2.03
2.02
2.03
2.02
2.03
2.02
2.02
2.02
2.02
2.02
2.02
2.01
2.02
2.01
2.01
2.01
2.01
2.01
2.01
2.01
2.00
2.00
2.00
2.00
2.00
2.00
2.00
2.00
1.99
1.99
1.99
1.99
1.99
1.99
1.99
1.99
1.99
1.98
1.98
1.98
1.98
1.98
1.98
1.98
1.98
1.98
1.98
1.98
1.97
1.98
1.97
1.97
1.97
1.97
1.97
1.97
1.97
1.97
1.97
1.97
1.97
1.97
1.97
1.98
1.98
1.98
1.98
1.98
1.98
1.98
1.98
1.98
1.98
1.98
1.98
1.98
1.98
1.98
1.98
1.98
1.98
1.98
1.98
1.98
1.98
1.88
1.73
1.66
1.62
1.59
1.56
1.54
1.51
1.49
1.46
1.44
1.41
1.38
1.35
1.32
1.29
1.25
1.22
1.19
1.15
1.12
1.09
1.06
1.03
1.00
0.97
0.94
0.91
0.88
0.86
0.83
0.80
0.78
0.75
0.72
0.70
0.67
0.65
0.63
0.60
0.58
0.56
0.53
0.51
0.49
0.47
0.45
0.43
0.41
0.39
0.37
0.35
0.33
0.31
0.29
0.28
0.26
0.24
0.23
0.21
0.19
0.18
0.16
0.15
0.13
0.12
0.10
0.09
0.07
0.06
0.05
0.03
0.02
0.01
-0.00
-0.01
-0.03
-0.04
-0.05
-0.06
-0.07
-0.08
-0.09
-0.10
-0.11
-0.12
-0.13
-0.13
-0.14
-0.15
-0.16
-0.17
-0.17
-0.18
-0.19
-0.20
-0.20
-0.21
-0.22
-0.22
-0.23
-0.23
-0.24
-0.25
-0.25
-0.26
-0.26
-0.27
-0.27
-0.28
-0.28
-0.28
-0.29
-0.29
-0.30
-0.30
-0.30
-0.31
-0.31
-0.31
-0.32
-0.32
-0.32
-0.32
-0.33
-0.33
-0.33
-0.33
-0.34
-0.34
-0.34
-0.34
-0.34
-0.34
-0.35
-0.35
-0.35
-0.35
-0.35
-0.35
-0.35
-0.35
-0.35
-0.35
-0.35
-0.35
-0.36
-0.36
-0.36
-0.36
-0.36
-0.36
-0.36
-0.36
-0.36
-0.35
-0.35
-0.35
-0.35
-0.35
-0.35
-0.35
-0.35
-0.35
-0.35
-0.35
-0.35
-0.35
-0.35
-0.34
-0.34
-0.34
-0.34
-0.34
-0.34
-0.34
-0.34
-0.33
-0.33
-0.33
-0.33
-0.33
-0.33
-0.32
-0.32
-0.32
-0.32
-0.31
-0.31
-0.31
-0.31
-0.31
-0.30
-0.30
-0.30
-0.30
-0.29
-0.29
-0.28
-0.27
-0.26
-0.25
-0.24
-0.23
-0.22
-0.21
-0.20
-0.19
-0.18
-0.17
-0.15
-0.14
-0.13
-0.12
-0.11
-0.09
-0.08
-0.07
-0.06
-0.05
-0.04
-0.03
-0.02
-0.01
-0.00
0.01
0.02
0.03
0.03
0.05
0.06
0.07
0.07
0.08
0.09
0.10
0.11
0.11
0.12
0.13
0.14
0.14
0.15
0.15
0.16
0.16
0.16
0.17
0.17
0.17
0.18
0.18
0.18
0.19
0.19
0.19
0.20
0.20
0.20
0.20
0.20
0.20
0.20
0.20
0.21
0.20
0.20
0.20
0.19
0.19
0.19
0.18
0.18
0.18
0.17
0.17
0.17
0.16
0.16
0.15
0.15
0.15
0.14
0.14
0.14
0.14
0.13
0.13
0.13
0.12
0.12
0.12
0.11
0.11
0.11
0.11
0.10
0.10
0.10
0.09
0.09
0.09
0.09
0.08
0.08
0.08
0.08
0.08
0.07
0.07
0.07
0.07
0.06
0.06
0.06
0.06
0.06
0.05
0.05
0.05
0.05
0.05
0.04
0.04
0.04
0.04
0.04
0.04
0.03
0.03
0.03
0.03
0.03
0.03
0.03
0.02
0.02
0.02
0.02
0.02
0.02
0.02
0.01
0.01
0.01
0.01
0.01
0.01
0.01
0.01
0.01
0.00
0.00
0.00
0.00
0.00
-0.00
-0.00
-0.00
-0.00
-0.00
-0.00
-0.01
-0.01
-0.01
-0.01
-0.01
-0.01
-0.01
-0.01
-0.01
-0.01
-0.01
-0.01
-0.01
-0.01
-0.01
-0.02
-0.02
-0.02
-0.02
-0.02
-0.02
-0.02
-0.02
-0.02
-0.02
-0.02
-0.02
-0.02
-0.02
-0.02
-0.02
-0.02
-0.02
-0.02
-0.02
-0.02
-0.02
-0.02
-0.02
-0.02
-0.02
-0.03
-0.03
-0.03
-0.03
-0.03
-0.03
-0.03
-0.03
-0.03
-0.03
-0.03
-0.03
-0.03
-0.03
-0.03
-0.03
-0.03
-0.03
-0.03
-0.03
-0.03
-0.03
-0.03
-0.03
-0.03
-0.03
-0.03
-0.03
-0.03
-0.03
-0.03
-0.03
-0.03
-0.03
-0.03
-0.03
-0.03
-0.03
-0.03
-0.03
-0.03
-0.03
-0.03
-0.03
-0.03
-0.03
-0.03
-0.03
-0.03
-0.03
-0.03
-0.03
-0.03
-0.03
-0.03
-0.03
-0.03
-0.03
-0.03
-0.03
-0.03
-0.03
-0.03
-0.03
-0.03
-0.03
-0.03
-0.02
-0.02
-0.02
-0.02
-0.02
-0.02
-0.02
-0.02
-0.02
-0.02
-0.02
-0.02
-0.02
-0.02
-0.02
-0.02
-0.02
-0.02
-0.02
-0.02
-0.02
-0.02
-0.02
-0.02
-0.02
-0.02
-0.02
-0.02
-0.02
-0.02
-0.02
-0.02
-0.02
-0.02
-0.02
-0.02
-0.02
-0.02
-0.02
-0.02
-0.02
-0.02
-0.02
-0.02
-0.02
-0.02
-0.02
-0.02
-0.02
-0.02
-0.02
-0.02
-0.02
-0.02
-0.02
-0.02
-0.02
-0.02
-0.02
-0.02
-0.02
-0.02
-0.01
-0.01
-0.01
-0.01
-0.01
-0.01
-0.01
-0.01
-0.01
-0.01
-0.01
-0.01
-0.01
-0.01
-0.01
-0.01
-0.01
-0.01
-0.01
-0.01
-0.01
-0.01
-0.01
-0.01
-0.01
-0.01
-0.01
-0.01
-0.01
-0.01
-0.01
-0.01
-0.01
-0.01
-0.01
-0.01
-0.01
-0.01
-0.01
-0.01
-0.01
-0.01
-0.01
-0.01
-0.01
-0.01
-0.01
-0.01
-0.01
-0.01
-0.01
-0.01
-0.01
-0.01
-0.01
-0.01
-0.01
-0.01
-0.01
-0.01
-0.01
-0.01
-0.01
-0.01
-0.01
-0.01
-0.01
-0.01
-0.01
-0.01
-0.01
-0.01
-0.01
-0.01
-0.01
-0.01
-0.01
-0.01
-0.01
-0.00
-0.00
-0.00
-0.00
-0.00
-0.00
-0.00
-0.00
-0.00
-0.00
-0.00
-0.00
-0.00
-0.00
-0.00
-0.00
-0.00
-0.00
-0.00
-0.00
-0.00
-0.00
-0.00
-0.00
-0.00
-0.00
-0.00
-0.00
-0.00
-0.00
-0.00
-0.00
-0.00
-0.00
-0.00
-0.00
-0.00
-0.00
-0.00
-0.00
-0.00
-0.00
-0.00
-0.00
-0.00
-0.00
-0.00
-0.00
-0.00
-0.00
-0.00
-0.00
-0.00
-0.00
-0.00
-0.00
-0.00
-0.00
-0.00
-0.00
-0.00
-0.00
-0.00
-0.00
-0.00
-0.00
-0.00
-0.00
-0.00
-0.00
-0.00
-0.00
-0.00
-0.00
-0.00
-0.00
-0.00
-0.00
-0.00
-0.00
-0.00
-0.00
-0.00
-0.00
-0.00
-0.00
-0.00
-0.00
-0.00
-0.00
-0.00
-0.00
-0.00
-0.00
-0.00
-0.00
-0.00
-0.00
-0.00
-0.00
-0.00
-0.00
-0.00
-0.00
-0.00
-0.00
-0.00
-0.00
0.00
0.00
0.00
0.00
0.00
0.00
0.00
0.00
0.00
0.00
0.00
0.00
0.00
0.00
0.00
0.00
0.00
0.00
0.00
0.00
0.00
0.00
0.00
0.00
0.00
0.00
0.00
0.00
0.00
0.00
0.00
0.00
0.00
0.00
