 2.00 0.00  0.02
 2.00 1.86  0.04
 2.00 2.72  0.06
 2.00 1.41  0.08
 2.00 1.40  0.10
 2.00 2.02  0.12
 2.00 2.12  0.14
 2.00 1.72  0.16
 2.00 1.47  0.18
 2.00 1.36  0.20
 2.00 1.29  0.22
 2.00 1.24  0.24
 2.00 1.16  0.26
 2.00 1.08  0.28
 2.00 1.02  0.30
 2.00 0.97  0.32
 2.00 0.93  0.34
 2.00 0.87  0.36
 2.00 0.84  0.38
 2.00 0.80  0.40
 2.00 0.78  0.42
 2.00 0.77  0.44
 2.00 0.77  0.46
 2.00 0.76  0.48
 2.00 0.76  0.50
 2.00 0.75  0.52
 2.00 0.76  0.54
 2.00 0.76  0.56
 2.00 0.79  0.58
 2.00 0.81  0.60
 2.00 0.83  0.62
 2.00 0.85  0.64
 2.00 0.88  0.66
 2.00 0.91  0.68
 2.00 0.93  0.70
 2.00 0.96  0.72
 2.00 0.99  0.74
 2.00 1.03  0.76
 2.00 1.06  0.78
 2.00 1.10  0.80
 2.00 1.13  0.82
 2.00 1.18  0.84
 2.00 1.21  0.86
 2.00 1.26  0.88
 2.00 1.29  0.90
 2.00 1.34  0.92
 2.00 1.37  0.94
 2.00 1.41  0.96
 2.00 1.45  0.98
 2.00 1.49  1.00
 2.00 1.53  1.02
 2.00 1.56  1.04
 2.00 1.60  1.06
 2.00 1.63  1.08
 2.00 1.67  1.10
 2.00 1.71  1.12
 2.00 1.74  1.14
 2.00 1.77  1.16
 2.00 1.81  1.18
 2.00 1.84  1.20
 2.00 1.87  1.22
 2.00 1.89  1.24
 2.00 1.93  1.26
 2.00 1.95  1.28
 2.00 1.99  1.30
 2.00 2.01  1.32
 2.00 2.03  1.34
 2.00 2.06  1.36
 2.00 2.08  1.38
 2.00 2.11  1.40
 2.00 2.12  1.42
 2.00 2.15  1.44
 2.00 2.16  1.46
 2.00 2.18  1.48
 2.00 2.19  1.50
 2.00 2.21  1.52
 2.00 2.21  1.54
 2.00 2.23  1.56
 2.00 2.24  1.58
 2.00 2.26  1.60
 2.00 2.27  1.62
 2.00 2.27  1.64
 2.00 2.28  1.66
 2.00 2.29  1.68
 2.00 2.30  1.70
 2.00 2.30  1.72
 2.00 2.30  1.74
 2.00 2.30  1.76
 2.00 2.31  1.78
 2.00 2.30  1.80
 2.00 2.31  1.82
 2.00 2.30  1.84
 2.00 2.31  1.86
 2.00 2.30  1.88
 2.00 2.30  1.90
 2.00 2.30  1.92
 2.00 2.29  1.94
 2.00 2.29  1.96
 2.00 2.29  1.98
 2.00 2.28  2.00
 2.00 2.27  2.02
 2.00 2.27  2.04
 2.00 2.26  2.06
 2.00 2.25  2.08
 2.00 2.24  2.10
 2.00 2.23  2.12
 2.00 2.22  2.14
 2.00 2.21  2.16
 2.00 2.20  2.18
 2.00 2.19  2.20
 2.00 2.18  2.22
 2.00 2.17  2.24
 2.00 2.16  2.26
 2.00 2.15  2.28
 2.00 2.15  2.30
 2.00 2.13  2.32
 2.00 2.12  2.34
 2.00 2.11  2.36
 2.00 2.10  2.38
 2.00 2.09  2.40
 2.00 2.08  2.42
 2.00 2.07  2.44
 2.00 2.06  2.46
 2.00 2.05  2.48
 2.00 2.04  2.50
 2.00 2.03  2.52
 2.00 2.02  2.54
 2.00 2.01  2.56
 2.00 2.00  2.58
 2.00 2.00  2.60
 2.00 1.98  2.62
 2.00 1.98  2.64
 2.00 1.97  2.66
 2.00 1.96  2.68
 2.00 1.95  2.70
 2.00 1.94  2.72
 2.00 1.94  2.74
 2.00 1.93  2.76
 2.00 1.92  2.78
 2.00 1.92  2.80
 2.00 1.91  2.82
 2.00 1.90  2.84
 2.00 1.90  2.86
 2.00 1.89  2.88
 2.00 1.89  2.90
 2.00 1.88  2.92
 2.00 1.88  2.94
 2.00 1.87  2.96
 2.00 1.87  2.98
 2.00 1.87  3.00
 2.00 1.87  3.02
 2.00 1.86  3.04
 2.00 1.86  3.06
 2.00 1.86  3.08
 2.00 1.86  3.10
 2.00 1.85  3.12
 2.00 1.85  3.14
 2.00 1.85  3.16
 2.00 1.85  3.18
 2.00 1.85  3.20
 2.00 1.85  3.22
 2.00 1.85  3.24
 2.00 1.85  3.26
 2.00 1.85  3.28
 2.00 1.85  3.30
 2.00 1.85  3.32
 2.00 1.85  3.34
 2.00 1.85  3.36
 2.00 1.85  3.38
 2.00 1.86  3.40
 2.00 1.86  3.42
 2.00 1.86  3.44
 2.00 1.86  3.46
 2.00 1.87  3.48
 2.00 1.87  3.50
 2.00 1.87  3.52
 2.00 1.88  3.54
 2.00 1.88  3.56
 2.00 1.88  3.58
 2.00 1.88  3.60
 2.00 1.89  3.62
 2.00 1.89  3.64
 2.00 1.90  3.66
 2.00 1.90  3.68
 2.00 1.90  3.70
 2.00 1.91  3.72
 2.00 1.91  3.74
 2.00 1.92  3.76
 2.00 1.92  3.78
 2.00 1.92  3.80
 2.00 1.93  3.82
 2.00 1.93  3.84
 2.00 1.94  3.86
 2.00 1.94  3.88
 2.00 1.95  3.90
 2.00 1.95  3.92
 2.00 1.96  3.94
 2.00 1.96  3.96
 2.00 1.96  3.98
 2.00 1.97  4.00
 2.00 1.97  4.02
 2.00 1.98  4.04
 2.00 1.98  4.06
 2.00 1.99  4.08
 2.00 1.99  4.10
 2.00 1.99  4.12
 2.00 1.99  4.14
 2.00 2.00  4.16
 2.00 2.01  4.18
 2.00 2.01  4.20
 2.00 2.01  4.22
 2.00 2.02  4.24
 2.00 2.02  4.26
 2.00 2.02  4.28
 2.00 2.03  4.30
 2.00 2.03  4.32
 2.00 2.03  4.34
 2.00 2.03  4.36
 2.00 2.04  4.38
 2.00 2.04  4.40
 2.00 2.04  4.42
 2.00 2.04  4.44
 2.00 2.05  4.46
 2.00 2.05  4.48
 2.00 2.05  4.50
 2.00 2.05  4.52
 2.00 2.05  4.54
 2.00 2.06  4.56
 2.00 2.06  4.58
 2.00 2.06  4.60
 2.00 2.06  4.62
 2.00 2.07  4.64
 2.00 2.07  4.66
 2.00 2.07  4.68
 2.00 2.07  4.70
 2.00 2.07  4.72
 2.00 2.07  4.74
 2.00 2.07  4.76
 2.00 2.07  4.78
 2.00 2.07  4.80
 2.00 2.07  4.82
 2.00 2.07  4.84
 2.00 2.07  4.86
 2.00 2.07  4.88
 2.00 2.07  4.90
 2.00 2.07  4.92
 2.00 2.07  4.94
 2.00 2.07  4.96
 2.00 2.07  4.98
 2.00 2.07  5.00
 2.00 2.07  5.02
 2.00 2.07  5.04
 2.00 2.07  5.06
 2.00 2.07  5.08
 2.00 2.06  5.10
 2.00 2.06  5.12
 2.00 2.06  5.14
 2.00 2.06  5.16
 2.00 2.06  5.18
 2.00 2.06  5.20
 2.00 2.05  5.22
 2.00 2.05  5.24
 2.00 2.05  5.26
 2.00 2.05  5.28
 2.00 2.05  5.30
 2.00 2.05  5.32
 2.00 2.04  5.34
 2.00 2.04  5.36
 2.00 2.04  5.38
 2.00 2.03  5.40
 2.00 2.03  5.42
 2.00 2.03  5.44
 2.00 2.03  5.46
 2.00 2.02  5.48
 2.00 2.02  5.50
 2.00 2.02  5.52
 2.00 2.02  5.54
 2.00 2.01  5.56
 2.00 2.01  5.58
 2.00 2.01  5.60
 2.00 2.00  5.62
 2.00 2.00  5.64
 2.00 2.00  5.66
 2.00 1.99  5.68
 2.00 1.99  5.70
 2.00 1.99  5.72
 2.00 1.99  5.74
 2.00 1.98  5.76
 2.00 1.98  5.78
 2.00 1.98  5.80
 2.00 1.98  5.82
 2.00 1.98  5.84
 2.00 1.97  5.86
 2.00 1.97  5.88
 2.00 1.97  5.90
 2.00 1.97  5.92
 2.00 1.97  5.94
 2.00 1.97  5.96
 2.00 1.96  5.98
 2.00 1.96  6.00
 2.00 1.96  6.02
 2.00 1.96  6.04
 2.00 1.96  6.06
 2.00 1.96  6.08
 2.00 1.95  6.10
 2.00 1.95  6.12
 2.00 1.95  6.14
 2.00 1.95  6.16
 2.00 1.95  6.18
 2.00 1.94  6.20
 2.00 1.94  6.22
 2.00 1.94  6.24
 2.00 1.94  6.26
 2.00 1.94  6.28
 2.00 1.94  6.30
 2.00 1.94  6.32
 2.00 1.94  6.34
 2.00 1.94  6.36
 2.00 1.94  6.38
 2.00 1.94  6.40
 2.00 1.94  6.42
 2.00 1.94  6.44
 2.00 1.94  6.46
 2.00 1.94  6.48
 2.00 1.94  6.50
 2.00 1.94  6.52
 2.00 1.94  6.54
 2.00 1.94  6.56
 2.00 1.94  6.58
 2.00 1.94  6.60
 2.00 1.94  6.62
 2.00 1.94  6.64
 2.00 1.94  6.66
 2.00 1.95  6.68
 2.00 1.95  6.70
 2.00 1.95  6.72
 2.00 1.95  6.74
 2.00 1.95  6.76
 2.00 1.95  6.78
 2.00 1.95  6.80
 2.00 1.95  6.82
 2.00 1.95  6.84
 2.00 1.96  6.86
 2.00 1.96  6.88
 2.00 1.96  6.90
 2.00 1.96  6.92
 2.00 1.96  6.94
 2.00 1.96  6.96
 2.00 1.97  6.98
 2.00 1.97  7.00
 2.00 1.97  7.02
 2.00 1.97  7.04
 2.00 1.97  7.06
 2.00 1.98  7.08
 2.00 1.98  7.10
 2.00 1.98  7.12
 2.00 1.98  7.14
 2.00 1.99  7.16
 2.00 1.99  7.18
 2.00 1.99  7.20
 2.00 1.99  7.22
 2.00 1.99  7.24
 2.00 1.99  7.26
 2.00 2.00  7.28
 2.00 2.00  7.30
 2.00 2.00  7.32
 2.00 2.00  7.34
 2.00 2.00  7.36
 2.00 2.01  7.38
 2.00 2.01  7.40
 2.00 2.01  7.42
 2.00 2.01  7.44
 2.00 2.01  7.46
 2.00 2.02  7.48
 2.00 2.02  7.50
 2.00 2.02  7.52
 2.00 2.02  7.54
 2.00 2.02  7.56
 2.00 2.02  7.58
 2.00 2.02  7.60
 2.00 2.02  7.62
 2.00 2.03  7.64
 2.00 2.03  7.66
 2.00 2.03  7.68
 2.00 2.03  7.70
 2.00 2.03  7.72
 2.00 2.03  7.74
 2.00 2.03  7.76
 2.00 2.03  7.78
 2.00 2.03  7.80
 2.00 2.03  7.82
 2.00 2.03  7.84
 2.00 2.03  7.86
 2.00 2.03  7.88
 2.00 2.03  7.90
 2.00 2.03  7.92
 2.00 2.03  7.94
 2.00 2.03  7.96
 2.00 2.03  7.98
 2.00 2.03  8.00
 2.00 2.04  8.02
 2.00 2.03  8.04
 2.00 2.04  8.06
 2.00 2.03  8.08
 2.00 2.03  8.10
 2.00 2.03  8.12
 2.00 2.03  8.14
 2.00 2.03  8.16
 2.00 2.03  8.18
 2.00 2.03  8.20
 2.00 2.03  8.22
 2.00 2.03  8.24
 2.00 2.03  8.26
 2.00 2.03  8.28
 2.00 2.03  8.30
 2.00 2.03  8.32
 2.00 2.03  8.34
 2.00 2.03  8.36
 2.00 2.02  8.38
 2.00 2.03  8.40
 2.00 2.02  8.42
 2.00 2.03  8.44
 2.00 2.02  8.46
 2.00 2.02  8.48
 2.00 2.02  8.50
 2.00 2.02  8.52
 2.00 2.02  8.54
 2.00 2.02  8.56
 2.00 2.01  8.58
 2.00 2.02  8.60
 2.00 2.01  8.62
 2.00 2.01  8.64
 2.00 2.01  8.66
 2.00 2.01  8.68
 2.00 2.01  8.70
 2.00 2.01  8.72
 2.00 2.01  8.74
 2.00 2.00  8.76
 2.00 2.00  8.78
 2.00 2.00  8.80
 2.00 2.00  8.82
 2.00 2.00  8.84
 2.00 2.00  8.86
 2.00 2.00  8.88
 2.00 2.00  8.90
 2.00 1.99  8.92
 2.00 1.99  8.94
 2.00 1.99  8.96
 2.00 1.99  8.98
 2.00 1.99  9.00
 2.00 1.99  9.02
 2.00 1.99  9.04
 2.00 1.99  9.06
 2.00 1.99  9.08
 2.00 1.98  9.10
 2.00 1.98  9.12
 2.00 1.98  9.14
 2.00 1.98  9.16
 2.00 1.98  9.18
 2.00 1.98  9.20
 2.00 1.98  9.22
 2.00 1.98  9.24
 2.00 1.98  9.26
 2.00 1.98  9.28
 2.00 1.98  9.30
 2.00 1.97  9.32
 2.00 1.98  9.34
 2.00 1.97  9.36
 2.00 1.97  9.38
 2.00 1.97  9.40
 2.00 1.97  9.42
 2.00 1.97  9.44
 2.00 1.97  9.46
 2.00 1.97  9.48
 2.00 1.97  9.50
 2.00 1.97  9.52
 2.00 1.97  9.54
 2.00 1.97  9.56
 2.00 1.97  9.58
 2.00 1.97  9.60
 2.00 1.98  9.62
 2.00 1.98  9.64
 2.00 1.98  9.66
 2.00 1.98  9.68
 2.00 1.98  9.70
 2.00 1.98  9.72
 2.00 1.98  9.74
 2.00 1.98  9.76
 2.00 1.98  9.78
 2.00 1.98  9.80
 2.00 1.98  9.82
 2.00 1.98  9.84
 2.00 1.98  9.86
 2.00 1.98  9.88
 2.00 1.98  9.90
 2.00 1.98  9.92
 2.00 1.98  9.94
 2.00 1.98  9.96
 2.00 1.98  9.98
 2.00 1.98  10.00
 2.00 1.98  10.02
 0.00 1.98  10.04
 0.00 1.88  10.06
 0.00 1.73  10.08
 0.00 1.66  10.10
 0.00 1.62  10.12
 0.00 1.59  10.14
 0.00 1.56  10.16
 0.00 1.54  10.18
 0.00 1.51  10.20
 0.00 1.49  10.22
 0.00 1.46  10.24
 0.00 1.44  10.26
 0.00 1.41  10.28
 0.00 1.38  10.30
 0.00 1.35  10.32
 0.00 1.32  10.34
 0.00 1.29  10.36
 0.00 1.25  10.38
 0.00 1.22  10.40
 0.00 1.19  10.42
 0.00 1.15  10.44
 0.00 1.12  10.46
 0.00 1.09  10.48
 0.00 1.06  10.50
 0.00 1.03  10.52
 0.00 1.00  10.54
 0.00 0.97  10.56
 0.00 0.94  10.58
 0.00 0.91  10.60
 0.00 0.88  10.62
 0.00 0.86  10.64
 0.00 0.83  10.66
 0.00 0.80  10.68
 0.00 0.78  10.70
 0.00 0.75  10.72
 0.00 0.72  10.74
 0.00 0.70  10.76
 0.00 0.67  10.78
 0.00 0.65  10.80
 0.00 0.63  10.82
 0.00 0.60  10.84
 0.00 0.58  10.86
 0.00 0.56  10.88
 0.00 0.53  10.90
 0.00 0.51  10.92
 0.00 0.49  10.94
 0.00 0.47  10.96
 0.00 0.45  10.98
 0.00 0.43  11.00
 0.00 0.41  11.02
 0.00 0.39  11.04
 0.00 0.37  11.06
 0.00 0.35  11.08
 0.00 0.33  11.10
 0.00 0.31  11.12
 0.00 0.29  11.14
 0.00 0.28  11.16
 0.00 0.26  11.18
 0.00 0.24  11.20
 0.00 0.23  11.22
 0.00 0.21  11.24
 0.00 0.19  11.26
 0.00 0.18  11.28
 0.00 0.16  11.30
 0.00 0.15  11.32
 0.00 0.13  11.34
 0.00 0.12  11.36
 0.00 0.10  11.38
 0.00 0.09  11.40
 0.00 0.07  11.42
 0.00 0.06  11.44
 0.00 0.05  11.46
 0.00 0.03  11.48
 0.00 0.02  11.50
 0.00 0.01  11.52
 0.00 -0.00  11.54
 0.00 -0.01  11.56
 0.00 -0.03  11.58
 0.00 -0.04  11.60
 0.00 -0.05  11.62
 0.00 -0.06  11.64
 0.00 -0.07  11.66
 0.00 -0.08  11.68
 0.00 -0.09  11.70
 0.00 -0.10  11.72
 0.00 -0.11  11.74
 0.00 -0.12  11.76
 0.00 -0.13  11.78
 0.00 -0.13  11.80
 0.00 -0.14  11.82
 0.00 -0.15  11.84
 0.00 -0.16  11.86
 0.00 -0.17  11.88
 0.00 -0.17  11.90
 0.00 -0.18  11.92
 0.00 -0.19  11.94
 0.00 -0.20  11.96
 0.00 -0.20  11.98
 0.00 -0.21  12.00
 0.00 -0.22  12.02
 0.00 -0.22  12.04
 0.00 -0.23  12.06
 0.00 -0.23  12.08
 0.00 -0.24  12.10
 0.00 -0.25  12.12
 0.00 -0.25  12.14
 0.00 -0.26  12.16
 0.00 -0.26  12.18
 0.00 -0.27  12.20
 0.00 -0.27  12.22
 0.00 -0.28  12.24
 0.00 -0.28  12.26
 0.00 -0.28  12.28
 0.00 -0.29  12.30
 0.00 -0.29  12.32
 0.00 -0.30  12.34
 0.00 -0.30  12.36
 0.00 -0.30  12.38
 0.00 -0.31  12.40
 0.00 -0.31  12.42
 0.00 -0.31  12.44
 0.00 -0.32  12.46
 0.00 -0.32  12.48
 0.00 -0.32  12.50
 0.00 -0.32  12.52
 0.00 -0.33  12.54
 0.00 -0.33  12.56
 0.00 -0.33  12.58
 0.00 -0.33  12.60
 0.00 -0.34  12.62
 0.00 -0.34  12.64
 0.00 -0.34  12.66
 0.00 -0.34  12.68
 0.00 -0.34  12.70
 0.00 -0.34  12.72
 0.00 -0.35  12.74
 0.00 -0.35  12.76
 0.00 -0.35  12.78
 0.00 -0.35  12.80
 0.00 -0.35  12.82
 0.00 -0.35  12.84
 0.00 -0.35  12.86
 0.00 -0.35  12.88
 0.00 -0.35  12.90
 0.00 -0.35  12.92
 0.00 -0.35  12.94
 0.00 -0.35  12.96
 0.00 -0.36  12.98
 0.00 -0.36  13.00
 0.00 -0.36  13.02
 0.00 -0.36  13.04
 0.00 -0.36  13.06
 0.00 -0.36  13.08
 0.00 -0.36  13.10
 0.00 -0.36  13.12
 0.00 -0.36  13.14
 0.00 -0.35  13.16
 0.00 -0.35  13.18
 0.00 -0.35  13.20
 0.00 -0.35  13.22
 0.00 -0.35  13.24
 0.00 -0.35  13.26
 0.00 -0.35  13.28
 0.00 -0.35  13.30
 0.00 -0.35  13.32
 0.00 -0.35  13.34
 0.00 -0.35  13.36
 0.00 -0.35  13.38
 0.00 -0.35  13.40
 0.00 -0.35  13.42
 0.00 -0.34  13.44
 0.00 -0.34  13.46
 0.00 -0.34  13.48
 0.00 -0.34  13.50
 0.00 -0.34  13.52
 0.00 -0.34  13.54
 0.00 -0.34  13.56
 0.00 -0.34  13.58
 0.00 -0.33  13.60
 0.00 -0.33  13.62
 0.00 -0.33  13.64
 0.00 -0.33  13.66
 0.00 -0.33  13.68
 0.00 -0.33  13.70
 0.00 -0.32  13.72
 0.00 -0.32  13.74
 0.00 -0.32  13.76
 0.00 -0.32  13.78
 0.00 -0.31  13.80
 0.00 -0.31  13.82
 0.00 -0.31  13.84
 0.00 -0.31  13.86
 0.00 -0.31  13.88
 0.00 -0.30  13.90
 0.00 -0.30  13.92
 0.00 -0.30  13.94
 0.00 -0.30  13.96
 0.00 -0.29  13.98
 0.00 -0.29  14.00
 0.00 -0.28  14.02
 0.00 -0.27  14.04
 0.00 -0.26  14.06
 0.00 -0.25  14.08
 0.00 -0.24  14.10
 0.00 -0.23  14.12
 0.00 -0.22  14.14
 0.00 -0.21  14.16
 0.00 -0.20  14.18
 0.00 -0.19  14.20
 0.00 -0.18  14.22
 0.00 -0.17  14.24
 0.00 -0.15  14.26
 0.00 -0.14  14.28
 0.00 -0.13  14.30
 0.00 -0.12  14.32
 0.00 -0.11  14.34
 0.00 -0.09  14.36
 0.00 -0.08  14.38
 0.00 -0.07  14.40
 0.00 -0.06  14.42
 0.00 -0.05  14.44
 0.00 -0.04  14.46
 0.00 -0.03  14.48
 0.00 -0.02  14.50
 0.00 -0.01  14.52
 0.00 -0.00  14.54
 0.00 0.01  14.56
 0.00 0.02  14.58
 0.00 0.03  14.60
 0.00 0.03  14.62
 0.00 0.05  14.64
 0.00 0.06  14.66
 0.00 0.07  14.68
 0.00 0.07  14.70
 0.00 0.08  14.72
 0.00 0.09  14.74
 0.00 0.10  14.76
 0.00 0.11  14.78
 0.00 0.11  14.80
 0.00 0.12  14.82
 0.00 0.13  14.84
 0.00 0.14  14.86
 0.00 0.14  14.88
 0.00 0.15  14.90
 0.00 0.15  14.92
 0.00 0.16  14.94
 0.00 0.16  14.96
 0.00 0.16  14.98
 0.00 0.17  15.00
 0.00 0.17  15.02
 0.00 0.17  15.04
 0.00 0.18  15.06
 0.00 0.18  15.08
 0.00 0.18  15.10
 0.00 0.19  15.12
 0.00 0.19  15.14
 0.00 0.19  15.16
 0.00 0.20  15.18
 0.00 0.20  15.20
 0.00 0.20  15.22
 0.00 0.20  15.24
 0.00 0.20  15.26
 0.00 0.20  15.28
 0.00 0.20  15.30
 0.00 0.20  15.32
 0.00 0.21  15.34
 0.00 0.20  15.36
 0.00 0.20  15.38
 0.00 0.20  15.40
 0.00 0.19  15.42
 0.00 0.19  15.44
 0.00 0.19  15.46
 0.00 0.18  15.48
 0.00 0.18  15.50
 0.00 0.18  15.52
 0.00 0.17  15.54
 0.00 0.17  15.56
 0.00 0.17  15.58
 0.00 0.16  15.60
 0.00 0.16  15.62
 0.00 0.15  15.64
 0.00 0.15  15.66
 0.00 0.15  15.68
 0.00 0.14  15.70
 0.00 0.14  15.72
 0.00 0.14  15.74
 0.00 0.14  15.76
 0.00 0.13  15.78
 0.00 0.13  15.80
 0.00 0.13  15.82
 0.00 0.12  15.84
 0.00 0.12  15.86
 0.00 0.12  15.88
 0.00 0.11  15.90
 0.00 0.11  15.92
 0.00 0.11  15.94
 0.00 0.11  15.96
 0.00 0.10  15.98
 0.00 0.10  16.00
 0.00 0.10  16.02
 0.00 0.09  16.04
 0.00 0.09  16.06
 0.00 0.09  16.08
 0.00 0.09  16.10
 0.00 0.08  16.12
 0.00 0.08  16.14
 0.00 0.08  16.16
 0.00 0.08  16.18
 0.00 0.08  16.20
 0.00 0.07  16.22
 0.00 0.07  16.24
 0.00 0.07  16.26
 0.00 0.07  16.28
 0.00 0.06  16.30
 0.00 0.06  16.32
 0.00 0.06  16.34
 0.00 0.06  16.36
 0.00 0.06  16.38
 0.00 0.05  16.40
 0.00 0.05  16.42
 0.00 0.05  16.44
 0.00 0.05  16.46
 0.00 0.05  16.48
 0.00 0.04  16.50
 0.00 0.04  16.52
 0.00 0.04  16.54
 0.00 0.04  16.56
 0.00 0.04  16.58
 0.00 0.04  16.60
 0.00 0.03  16.62
 0.00 0.03  16.64
 0.00 0.03  16.66
 0.00 0.03  16.68
 0.00 0.03  16.70
 0.00 0.03  16.72
 0.00 0.03  16.74
 0.00 0.02  16.76
 0.00 0.02  16.78
 0.00 0.02  16.80
 0.00 0.02  16.82
 0.00 0.02  16.84
 0.00 0.02  16.86
 0.00 0.02  16.88
 0.00 0.01  16.90
 0.00 0.01  16.92
 0.00 0.01  16.94
 0.00 0.01  16.96
 0.00 0.01  16.98
 0.00 0.01  17.00
 0.00 0.01  17.02
 0.00 0.01  17.04
 0.00 0.01  17.06
 0.00 0.00  17.08
 0.00 0.00  17.10
 0.00 0.00  17.12
 0.00 0.00  17.14
 0.00 0.00  17.16
 0.00 -0.00  17.18
 0.00 -0.00  17.20
 0.00 -0.00  17.22
 0.00 -0.00  17.24
 0.00 -0.00  17.26
 0.00 -0.00  17.28
 0.00 -0.01  17.30
 0.00 -0.01  17.32
 0.00 -0.01  17.34
 0.00 -0.01  17.36
 0.00 -0.01  17.38
 0.00 -0.01  17.40
 0.00 -0.01  17.42
 0.00 -0.01  17.44
 0.00 -0.01  17.46
 0.00 -0.01  17.48
 0.00 -0.01  17.50
 0.00 -0.01  17.52
 0.00 -0.01  17.54
 0.00 -0.01  17.56
 0.00 -0.01  17.58
 0.00 -0.02  17.60
 0.00 -0.02  17.62
 0.00 -0.02  17.64
 0.00 -0.02  17.66
 0.00 -0.02  17.68
 0.00 -0.02  17.70
 0.00 -0.02  17.72
 0.00 -0.02  17.74
 0.00 -0.02  17.76
 0.00 -0.02  17.78
 0.00 -0.02  17.80
 0.00 -0.02  17.82
 0.00 -0.02  17.84
 0.00 -0.02  17.86
 0.00 -0.02  17.88
 0.00 -0.02  17.90
 0.00 -0.02  17.92
 0.00 -0.02  17.94
 0.00 -0.02  17.96
 0.00 -0.02  17.98
 0.00 -0.02  18.00
 0.00 -0.02  18.02
 0.00 -0.02  18.04
 0.00 -0.02  18.06
 0.00 -0.02  18.08
 0.00 -0.02  18.10
 0.00 -0.03  18.12
 0.00 -0.03  18.14
 0.00 -0.03  18.16
 0.00 -0.03  18.18
 0.00 -0.03  18.20
 0.00 -0.03  18.22
 0.00 -0.03  18.24
 0.00 -0.03  18.26
 0.00 -0.03  18.28
 0.00 -0.03  18.30
 0.00 -0.03  18.32
 0.00 -0.03  18.34
 0.00 -0.03  18.36
 0.00 -0.03  18.38
 0.00 -0.03  18.40
 0.00 -0.03  18.42
 0.00 -0.03  18.44
 0.00 -0.03  18.46
 0.00 -0.03  18.48
 0.00 -0.03  18.50
 0.00 -0.03  18.52
 0.00 -0.03  18.54
 0.00 -0.03  18.56
 0.00 -0.03  18.58
 0.00 -0.03  18.60
 0.00 -0.03  18.62
 0.00 -0.03  18.64
 0.00 -0.03  18.66
 0.00 -0.03  18.68
 0.00 -0.03  18.70
 0.00 -0.03  18.72
 0.00 -0.03  18.74
 0.00 -0.03  18.76
 0.00 -0.03  18.78
 0.00 -0.03  18.80
 0.00 -0.03  18.82
 0.00 -0.03  18.84
 0.00 -0.03  18.86
 0.00 -0.03  18.88
 0.00 -0.03  18.90
 0.00 -0.03  18.92
 0.00 -0.03  18.94
 0.00 -0.03  18.96
 0.00 -0.03  18.98
 0.00 -0.03  19.00
 0.00 -0.03  19.02
 0.00 -0.03  19.04
 0.00 -0.03  19.06
 0.00 -0.03  19.08
 0.00 -0.03  19.10
 0.00 -0.03  19.12
 0.00 -0.03  19.14
 0.00 -0.03  19.16
 0.00 -0.03  19.18
 0.00 -0.03  19.20
 0.00 -0.03  19.22
 0.00 -0.03  19.24
 0.00 -0.03  19.26
 0.00 -0.03  19.28
 0.00 -0.03  19.30
 0.00 -0.03  19.32
 0.00 -0.03  19.34
 0.00 -0.03  19.36
 0.00 -0.03  19.38
 0.00 -0.03  19.40
 0.00 -0.03  19.42
 0.00 -0.03  19.44
 0.00 -0.02  19.46
 0.00 -0.02  19.48
 0.00 -0.02  19.50
 0.00 -0.02  19.52
 0.00 -0.02  19.54
 0.00 -0.02  19.56
 0.00 -0.02  19.58
 0.00 -0.02  19.60
 0.00 -0.02  19.62
 0.00 -0.02  19.64
 0.00 -0.02  19.66
 0.00 -0.02  19.68
 0.00 -0.02  19.70
 0.00 -0.02  19.72
 0.00 -0.02  19.74
 0.00 -0.02  19.76
 0.00 -0.02  19.78
 0.00 -0.02  19.80
 0.00 -0.02  19.82
 0.00 -0.02  19.84
 0.00 -0.02  19.86
 0.00 -0.02  19.88
 0.00 -0.02  19.90
 0.00 -0.02  19.92
 0.00 -0.02  19.94
 0.00 -0.02  19.96
 0.00 -0.02  19.98
 0.00 -0.02  20.00
 0.00 -0.02  20.02
 0.00 -0.02  20.04
 0.00 -0.02  20.06
 0.00 -0.02  20.08
 0.00 -0.02  20.10
 0.00 -0.02  20.12
 0.00 -0.02  20.14
 0.00 -0.02  20.16
 0.00 -0.02  20.18
 0.00 -0.02  20.20
 0.00 -0.02  20.22
 0.00 -0.02  20.24
 0.00 -0.02  20.26
 0.00 -0.02  20.28
 0.00 -0.02  20.30
 0.00 -0.02  20.32
 0.00 -0.02  20.34
 0.00 -0.02  20.36
 0.00 -0.02  20.38
 0.00 -0.02  20.40
 0.00 -0.02  20.42
 0.00 -0.02  20.44
 0.00 -0.02  20.46
 0.00 -0.02  20.48
 0.00 -0.02  20.50
 0.00 -0.02  20.52
 0.00 -0.02  20.54
 0.00 -0.02  20.56
 0.00 -0.02  20.58
 0.00 -0.02  20.60
 0.00 -0.02  20.62
 0.00 -0.02  20.64
 0.00 -0.02  20.66
 0.00 -0.02  20.68
 0.00 -0.01  20.70
 0.00 -0.01  20.72
 0.00 -0.01  20.74
 0.00 -0.01  20.76
 0.00 -0.01  20.78
 0.00 -0.01  20.80
 0.00 -0.01  20.82
 0.00 -0.01  20.84
 0.00 -0.01  20.86
 0.00 -0.01  20.88
 0.00 -0.01  20.90
 0.00 -0.01  20.92
 0.00 -0.01  20.94
 0.00 -0.01  20.96
 0.00 -0.01  20.98
 0.00 -0.01  21.00
 0.00 -0.01  21.02
 0.00 -0.01  21.04
 0.00 -0.01  21.06
 0.00 -0.01  21.08
 0.00 -0.01  21.10
 0.00 -0.01  21.12
 0.00 -0.01  21.14
 0.00 -0.01  21.16
 0.00 -0.01  21.18
 0.00 -0.01  21.20
 0.00 -0.01  21.22
 0.00 -0.01  21.24
 0.00 -0.01  21.26
 0.00 -0.01  21.28
 0.00 -0.01  21.30
 0.00 -0.01  21.32
 0.00 -0.01  21.34
 0.00 -0.01  21.36
 0.00 -0.01  21.38
 0.00 -0.01  21.40
 0.00 -0.01  21.42
 0.00 -0.01  21.44
 0.00 -0.01  21.46
 0.00 -0.01  21.48
 0.00 -0.01  21.50
 0.00 -0.01  21.52
 0.00 -0.01  21.54
 0.00 -0.01  21.56
 0.00 -0.01  21.58
 0.00 -0.01  21.60
 0.00 -0.01  21.62
 0.00 -0.01  21.64
 0.00 -0.01  21.66
 0.00 -0.01  21.68
 0.00 -0.01  21.70
 0.00 -0.01  21.72
 0.00 -0.01  21.74
 0.00 -0.01  21.76
 0.00 -0.01  21.78
 0.00 -0.01  21.80
 0.00 -0.01  21.82
 0.00 -0.01  21.84
 0.00 -0.01  21.86
 0.00 -0.01  21.88
 0.00 -0.01  21.90
 0.00 -0.01  21.92
 0.00 -0.01  21.94
 0.00 -0.01  21.96
 0.00 -0.01  21.98
 0.00 -0.01  22.00
 0.00 -0.01  22.02
 0.00 -0.01  22.04
 0.00 -0.01  22.06
 0.00 -0.01  22.08
 0.00 -0.01  22.10
 0.00 -0.01  22.12
 0.00 -0.01  22.14
 0.00 -0.01  22.16
 0.00 -0.01  22.18
 0.00 -0.01  22.20
 0.00 -0.01  22.22
 0.00 -0.01  22.24
 0.00 -0.01  22.26
 0.00 -0.00  22.28
 0.00 -0.00  22.30
 0.00 -0.00  22.32
 0.00 -0.00  22.34
 0.00 -0.00  22.36
 0.00 -0.00  22.38
 0.00 -0.00  22.40
 0.00 -0.00  22.42
 0.00 -0.00  22.44
 0.00 -0.00  22.46
 0.00 -0.00  22.48
 0.00 -0.00  22.50
 0.00 -0.00  22.52
 0.00 -0.00  22.54
 0.00 -0.00  22.56
 0.00 -0.00  22.58
 0.00 -0.00  22.60
 0.00 -0.00  22.62
 0.00 -0.00  22.64
 0.00 -0.00  22.66
 0.00 -0.00  22.68
 0.00 -0.00  22.70
 0.00 -0.00  22.72
 0.00 -0.00  22.74
 0.00 -0.00  22.76
 0.00 -0.00  22.78
 0.00 -0.00  22.80
 0.00 -0.00  22.82
 0.00 -0.00  22.84
 0.00 -0.00  22.86
 0.00 -0.00  22.88
 0.00 -0.00  22.90
 0.00 -0.00  22.92
 0.00 -0.00  22.94
 0.00 -0.00  22.96
 0.00 -0.00  22.98
 0.00 -0.00  23.00
 0.00 -0.00  23.02
 0.00 -0.00  23.04
 0.00 -0.00  23.06
 0.00 -0.00  23.08
 0.00 -0.00  23.10
 0.00 -0.00  23.12
 0.00 -0.00  23.14
 0.00 -0.00  23.16
 0.00 -0.00  23.18
 0.00 -0.00  23.20
 0.00 -0.00  23.22
 0.00 -0.00  23.24
 0.00 -0.00  23.26
 0.00 -0.00  23.28
 0.00 -0.00  23.30
 0.00 -0.00  23.32
 0.00 -0.00  23.34
 0.00 -0.00  23.36
 0.00 -0.00  23.38
 0.00 -0.00  23.40
 0.00 -0.00  23.42
 0.00 -0.00  23.44
 0.00 -0.00  23.46
 0.00 -0.00  23.48
 0.00 -0.00  23.50
 0.00 -0.00  23.52
 0.00 -0.00  23.54
 0.00 -0.00  23.56
 0.00 -0.00  23.58
 0.00 -0.00  23.60
 0.00 -0.00  23.62
 0.00 -0.00  23.64
 0.00 -0.00  23.66
 0.00 -0.00  23.68
 0.00 -0.00  23.70
 0.00 -0.00  23.72
 0.00 -0.00  23.74
 0.00 -0.00  23.76
 0.00 -0.00  23.78
 0.00 -0.00  23.80
 0.00 -0.00  23.82
 0.00 -0.00  23.84
 0.00 -0.00  23.86
 0.00 -0.00  23.88
 0.00 -0.00  23.90
 0.00 -0.00  23.92
 0.00 -0.00  23.94
 0.00 -0.00  23.96
 0.00 -0.00  23.98
 0.00 -0.00  24.00
 0.00 -0.00  24.02
 0.00 -0.00  24.04
 0.00 -0.00  24.06
 0.00 -0.00  24.08
 0.00 -0.00  24.10
 0.00 -0.00  24.12
 0.00 -0.00  24.14
 0.00 -0.00  24.16
 0.00 -0.00  24.18
 0.00 -0.00  24.20
 0.00 -0.00  24.22
 0.00 -0.00  24.24
 0.00 -0.00  24.26
 0.00 -0.00  24.28
 0.00 -0.00  24.30
 0.00 -0.00  24.32
 0.00 -0.00  24.34
 0.00 -0.00  24.36
 0.00 -0.00  24.38
 0.00 -0.00  24.40
 0.00 -0.00  24.42
 0.00 0.00  24.44
 0.00 0.00  24.46
 0.00 0.00  24.48
 0.00 0.00  24.50
 0.00 0.00  24.52
 0.00 0.00  24.54
 0.00 0.00  24.56
 0.00 0.00  24.58
 0.00 0.00  24.60
 0.00 0.00  24.62
 0.00 0.00  24.64
 0.00 0.00  24.66
 0.00 0.00  24.68
 0.00 0.00  24.70
 0.00 0.00  24.72
 0.00 0.00  24.74
 0.00 0.00  24.76
 0.00 0.00  24.78
 0.00 0.00  24.80
 0.00 0.00  24.82
 0.00 0.00  24.84
 0.00 0.00  24.86
 0.00 0.00  24.88
 0.00 0.00  24.90
 0.00 0.00  24.92
 0.00 0.00  24.94
 0.00 0.00  24.96
 0.00 0.00  24.98
 0.00 0.00  25.00
 0.00 0.00  25.02
 0.00 0.00  25.04
 0.00 0.00  25.06
 0.00 0.00  25.08
 0.00 0.00  25.10
