0.277172
0.628265
0.951764
1.26224
1.5398
1.83418
2.17726
2.45264
2.72302
3.5743
3.62161
3.57042
3.57089
10.5254
10.6016
11.2772
11.3734
18.3248
18.5994
17.8815
17.9865
17.9139
18.5394
18.3431
18.3177
17.6279
17.2425
10.136
9.71964
9.51703
8.79628
8.04348
6.37411
-0.945963
-0.22484
-1.19191
-2.10038
-3.08522
-3.91715
-4.83172
-5.70577
-6.38668
-7.18699
-7.85675
-9.88621
-10.2731
-10.7224
-9.7049
-9.83023
-5.47733
-5.55277
4.50946
6.02668
6.18786
6.42669
6.62661
7.00794
5.74604
6.63685
2.0814
2.09945
-8.011
-9.08055
-9.33996
-9.69527
-9.72577
0.166627
0.299547
9.31221
19.693
30.1273
30.8356
31.2812
35.861
40.5716
35.8489
26.3646
26.6499
16.9499
2.15915
-6.71135
-5.8491
-4.9286
-8.10009
-11.0921
-5.28049
-4.86514
4.62983
5.48917
11.3966
5.65763
5.83871
5.81734
5.95923
5.7281
5.54033
5.3963
-2.87851
-2.63537
6.40854
12.8421
13.4644
22.3554
22.9735
32.1723
33.0723
33.7487
40.2187
40.7997
38.8186
39.4135
39.704
32.106
32.3705
26.5116
26.9572
33.1626
29.376
30.1067
30.2318
32.53
34.7293
36.6807
38.8523
38.9079
44.6097
39.1119
39.1102
38.7477
38.7362
42.5229
42.6576
46.4792
44.481
48.2237
48.3521
54.0264
57.9536
57.5949
51.3667
44.9434
42.044
35.4535
34.3779
27.3914
20.6273
22.3389
24.3196
24.1422
24.1739
26.9188
26.6757
35.0585
43.6391
52.2883
60.7548
60.983
61.53
61.6368
60.9167
57.4809
65.8125
59.7594
59.4737
50.643
41.5334
32.6155
23.3966
22.9917
22.9815
22.9914
17.0815
13.6217
4.46457
5.02436
4.75837
4.2592
3.97047
-1.59758
-2.58888
-3.72967
-7.80288
-8.52383
-9.23926
-10.9482
-11.4058
-11.8772
-12.3651
-7.88348
-8.28598
-8.89961
0.70313
10.544
20.8403
21.2299
21.3613
31.4822
31.6956
31.8167
27.0034
26.3254
15.603
5.02184
-5.38492
-5.50809
-6.07334
-22.1551
