 2.00 0.00  0.02
 2.00 1.86  0.04
 2.00 2.72  0.06
 2.00 1.13  0.08
 2.00 0.56  0.10
 2.00 1.17  0.12
 2.00 1.51  0.14
 2.00 1.40  0.16
 2.00 1.27  0.18
 2.00 1.25  0.20
 2.00 1.29  0.22
 2.00 1.35  0.24
 2.00 1.40  0.26
 2.00 1.47  0.28
 2.00 1.49  0.30
 2.00 1.50  0.32
 2.00 1.51  0.34
 2.00 1.51  0.36
 2.00 1.54  0.38
 2.00 1.54  0.40
 2.00 1.56  0.42
 2.00 1.57  0.44
 2.00 1.59  0.46
 2.00 1.57  0.48
 2.00 1.58  0.50
 2.00 1.58  0.52
 2.00 1.60  0.54
 2.00 1.60  0.56
 2.00 1.61  0.58
 2.00 1.61  0.60
 2.00 1.62  0.62
 2.00 1.62  0.64
 2.00 1.63  0.66
 2.00 1.64  0.68
 2.00 1.65  0.70
 2.00 1.66  0.72
 2.00 1.66  0.74
 2.00 1.66  0.76
 2.00 1.66  0.78
 2.00 1.67  0.80
 2.00 1.67  0.82
 2.00 1.68  0.84
 2.00 1.68  0.86
 2.00 1.69  0.88
 2.00 1.70  0.90
 2.00 1.70  0.92
 2.00 1.71  0.94
 2.00 1.72  0.96
 2.00 1.72  0.98
 2.00 1.72  1.00
 2.00 1.73  1.02
 2.00 1.73  1.04
 2.00 1.74  1.06
 2.00 1.74  1.08
 2.00 1.74  1.10
 2.00 1.75  1.12
 2.00 1.75  1.14
 2.00 1.75  1.16
 2.00 1.76  1.18
 2.00 1.76  1.20
 2.00 1.77  1.22
 2.00 1.77  1.24
 2.00 1.77  1.26
 2.00 1.77  1.28
 2.00 1.78  1.30
 2.00 1.79  1.32
 2.00 1.79  1.34
 2.00 1.79  1.36
 2.00 1.79  1.38
 2.00 1.80  1.40
 2.00 1.80  1.42
 2.00 1.81  1.44
 2.00 1.81  1.46
 2.00 1.82  1.48
 2.00 1.81  1.50
 2.00 1.82  1.52
 2.00 1.82  1.54
 2.00 1.82  1.56
 2.00 1.82  1.58
 2.00 1.83  1.60
 2.00 1.83  1.62
 2.00 1.83  1.64
 2.00 1.84  1.66
 2.00 1.84  1.68
 2.00 1.84  1.70
 2.00 1.84  1.72
 2.00 1.85  1.74
 2.00 1.85  1.76
 2.00 1.85  1.78
 2.00 1.85  1.80
 2.00 1.86  1.82
 2.00 1.86  1.84
 2.00 1.86  1.86
 2.00 1.86  1.88
 2.00 1.86  1.90
 2.00 1.86  1.92
 2.00 1.86  1.94
 2.00 1.86  1.96
 2.00 1.87  1.98
 2.00 1.87  2.00
 2.00 1.87  2.02
 2.00 1.88  2.04
 2.00 1.88  2.06
 2.00 1.88  2.08
 2.00 1.88  2.10
 2.00 1.89  2.12
 2.00 1.89  2.14
 2.00 1.89  2.16
 2.00 1.89  2.18
 2.00 1.90  2.20
 2.00 1.90  2.22
 2.00 1.90  2.24
 2.00 1.90  2.26
 2.00 1.90  2.28
 2.00 1.90  2.30
 2.00 1.90  2.32
 2.00 1.91  2.34
 2.00 1.91  2.36
 2.00 1.91  2.38
 2.00 1.91  2.40
 2.00 1.91  2.42
 2.00 1.91  2.44
 2.00 1.91  2.46
 2.00 1.91  2.48
 2.00 1.91  2.50
 2.00 1.91  2.52
 2.00 1.92  2.54
 2.00 1.92  2.56
 2.00 1.92  2.58
 2.00 1.92  2.60
 2.00 1.92  2.62
 2.00 1.93  2.64
 2.00 1.93  2.66
 2.00 1.93  2.68
 2.00 1.93  2.70
 2.00 1.93  2.72
 2.00 1.93  2.74
 2.00 1.93  2.76
 2.00 1.93  2.78
 2.00 1.94  2.80
 2.00 1.94  2.82
 2.00 1.94  2.84
 2.00 1.94  2.86
 2.00 1.94  2.88
 2.00 1.95  2.90
 2.00 1.94  2.92
 2.00 1.95  2.94
 2.00 1.95  2.96
 2.00 1.95  2.98
 2.00 1.95  3.00
 2.00 1.95  3.02
 2.00 1.95  3.04
 2.00 1.95  3.06
 2.00 1.95  3.08
 2.00 1.95  3.10
 2.00 1.95  3.12
 2.00 1.96  3.14
 2.00 1.96  3.16
 2.00 1.96  3.18
 2.00 1.96  3.20
 2.00 1.96  3.22
 2.00 1.96  3.24
 2.00 1.96  3.26
 2.00 1.96  3.28
 2.00 1.96  3.30
 2.00 1.96  3.32
 2.00 1.96  3.34
 2.00 1.96  3.36
 2.00 1.96  3.38
 2.00 1.96  3.40
 2.00 1.96  3.42
 2.00 1.96  3.44
 2.00 1.96  3.46
 2.00 1.97  3.48
 2.00 1.97  3.50
 2.00 1.97  3.52
 2.00 1.97  3.54
 2.00 1.97  3.56
 2.00 1.97  3.58
 2.00 1.97  3.60
 2.00 1.97  3.62
 2.00 1.97  3.64
 2.00 1.97  3.66
 2.00 1.97  3.68
 2.00 1.97  3.70
 2.00 1.97  3.72
 2.00 1.97  3.74
 2.00 1.97  3.76
 2.00 1.97  3.78
 2.00 1.97  3.80
 2.00 1.97  3.82
 2.00 1.97  3.84
 2.00 1.97  3.86
 2.00 1.97  3.88
 2.00 1.97  3.90
 2.00 1.97  3.92
 2.00 1.97  3.94
 2.00 1.97  3.96
 2.00 1.97  3.98
 2.00 1.97  4.00
 2.00 1.97  4.02
 2.00 1.98  4.04
 2.00 1.97  4.06
 2.00 1.98  4.08
 2.00 1.97  4.10
 2.00 1.98  4.12
 2.00 1.98  4.14
 2.00 1.98  4.16
 2.00 1.98  4.18
 2.00 1.98  4.20
 2.00 1.98  4.22
 2.00 1.98  4.24
 2.00 1.98  4.26
 2.00 1.98  4.28
 2.00 1.98  4.30
 2.00 1.98  4.32
 2.00 1.98  4.34
 2.00 1.98  4.36
 2.00 1.98  4.38
 2.00 1.98  4.40
 2.00 1.98  4.42
 2.00 1.98  4.44
 2.00 1.98  4.46
 2.00 1.98  4.48
 2.00 1.98  4.50
 2.00 1.98  4.52
 2.00 1.98  4.54
 2.00 1.98  4.56
 2.00 1.98  4.58
 2.00 1.98  4.60
 2.00 1.98  4.62
 2.00 1.98  4.64
 2.00 1.98  4.66
 2.00 1.98  4.68
 2.00 1.98  4.70
 2.00 1.99  4.72
 2.00 1.98  4.74
 2.00 1.99  4.76
 2.00 1.99  4.78
 2.00 1.99  4.80
 2.00 1.99  4.82
 2.00 1.99  4.84
 2.00 1.99  4.86
 2.00 1.99  4.88
 2.00 1.99  4.90
 2.00 1.99  4.92
 2.00 1.99  4.94
 2.00 1.99  4.96
 2.00 1.99  4.98
 2.00 1.98  5.00
 2.00 1.99  5.02
 2.00 1.98  5.04
 2.00 1.98  5.06
 2.00 1.98  5.08
 2.00 1.99  5.10
 2.00 1.98  5.12
 2.00 1.98  5.14
 2.00 1.98  5.16
 2.00 1.98  5.18
 2.00 1.98  5.20
 2.00 1.98  5.22
 2.00 1.98  5.24
 2.00 1.98  5.26
 2.00 1.98  5.28
 2.00 1.98  5.30
 2.00 1.98  5.32
 2.00 1.98  5.34
 2.00 1.98  5.36
 2.00 1.98  5.38
 2.00 1.98  5.40
 2.00 1.98  5.42
 2.00 1.98  5.44
 2.00 1.98  5.46
 2.00 1.98  5.48
 2.00 1.98  5.50
 2.00 1.98  5.52
 2.00 1.99  5.54
 2.00 1.98  5.56
 2.00 1.99  5.58
 2.00 1.98  5.60
 2.00 1.99  5.62
 2.00 1.98  5.64
 2.00 1.99  5.66
 2.00 1.99  5.68
 2.00 1.99  5.70
 2.00 1.99  5.72
 2.00 1.99  5.74
 2.00 1.99  5.76
 2.00 1.99  5.78
 2.00 1.99  5.80
 2.00 1.99  5.82
 2.00 1.99  5.84
 2.00 1.99  5.86
 2.00 1.99  5.88
 2.00 1.99  5.90
 2.00 1.99  5.92
 2.00 1.99  5.94
 2.00 1.99  5.96
 2.00 1.98  5.98
 2.00 1.99  6.00
 2.00 1.98  6.02
 2.00 1.99  6.04
 2.00 1.98  6.06
 2.00 1.99  6.08
 2.00 1.99  6.10
 2.00 1.99  6.12
 2.00 1.99  6.14
 2.00 1.99  6.16
 2.00 1.99  6.18
 2.00 1.99  6.20
 2.00 1.99  6.22
 2.00 1.99  6.24
 2.00 1.99  6.26
 2.00 1.99  6.28
 2.00 1.99  6.30
 2.00 1.99  6.32
 2.00 1.99  6.34
 2.00 1.99  6.36
 2.00 1.99  6.38
 2.00 1.99  6.40
 2.00 1.99  6.42
 2.00 1.99  6.44
 2.00 1.99  6.46
 2.00 1.99  6.48
 2.00 1.99  6.50
 2.00 1.99  6.52
 2.00 1.99  6.54
 2.00 1.99  6.56
 2.00 1.99  6.58
 2.00 1.99  6.60
 2.00 1.99  6.62
 2.00 1.99  6.64
 2.00 1.99  6.66
 2.00 1.99  6.68
 2.00 1.99  6.70
 2.00 1.99  6.72
 2.00 1.99  6.74
 2.00 1.99  6.76
 2.00 1.99  6.78
 2.00 1.99  6.80
 2.00 1.99  6.82
 2.00 1.99  6.84
 2.00 1.99  6.86
 2.00 1.99  6.88
 2.00 1.99  6.90
 2.00 1.99  6.92
 2.00 2.00  6.94
 2.00 2.00  6.96
 2.00 2.00  6.98
 2.00 2.00  7.00
 2.00 2.00  7.02
 2.00 2.00  7.04
 2.00 2.00  7.06
 2.00 2.00  7.08
 2.00 2.00  7.10
 2.00 2.00  7.12
 2.00 2.00  7.14
 2.00 2.00  7.16
 2.00 2.00  7.18
 2.00 2.00  7.20
 2.00 2.00  7.22
 2.00 2.00  7.24
 2.00 2.00  7.26
 2.00 2.00  7.28
 2.00 2.00  7.30
 2.00 2.00  7.32
 2.00 2.00  7.34
 2.00 2.00  7.36
 2.00 2.00  7.38
 2.00 2.00  7.40
 2.00 2.00  7.42
 2.00 2.00  7.44
 2.00 2.00  7.46
 2.00 2.00  7.48
 2.00 2.00  7.50
 2.00 2.00  7.52
 2.00 2.00  7.54
 2.00 2.00  7.56
 2.00 2.00  7.58
 2.00 1.99  7.60
 2.00 2.00  7.62
 2.00 2.00  7.64
 2.00 2.00  7.66
 2.00 2.00  7.68
 2.00 2.00  7.70
 2.00 2.00  7.72
 2.00 2.00  7.74
 2.00 2.00  7.76
 2.00 2.00  7.78
 2.00 2.00  7.80
 2.00 2.00  7.82
 2.00 2.00  7.84
 2.00 2.00  7.86
 2.00 2.00  7.88
 2.00 2.00  7.90
 2.00 2.00  7.92
 2.00 2.00  7.94
 2.00 2.00  7.96
 2.00 2.00  7.98
 2.00 2.00  8.00
 2.00 2.00  8.02
 2.00 2.00  8.04
 2.00 2.00  8.06
 2.00 2.00  8.08
 2.00 2.00  8.10
 2.00 2.00  8.12
 2.00 2.00  8.14
 2.00 2.00  8.16
 2.00 2.00  8.18
 2.00 2.00  8.20
 2.00 2.00  8.22
 2.00 2.00  8.24
 2.00 2.00  8.26
 2.00 2.00  8.28
 2.00 2.00  8.30
 2.00 2.00  8.32
 2.00 2.00  8.34
 2.00 2.00  8.36
 2.00 2.00  8.38
 2.00 2.00  8.40
 2.00 2.00  8.42
 2.00 2.00  8.44
 2.00 2.00  8.46
 2.00 2.00  8.48
 2.00 1.99  8.50
 2.00 2.00  8.52
 2.00 2.00  8.54
 2.00 2.00  8.56
 2.00 2.00  8.58
 2.00 2.00  8.60
 2.00 1.99  8.62
 2.00 2.00  8.64
 2.00 2.00  8.66
 2.00 2.00  8.68
 2.00 2.00  8.70
 2.00 2.00  8.72
 2.00 2.00  8.74
 2.00 2.00  8.76
 2.00 2.00  8.78
 2.00 2.00  8.80
 2.00 2.00  8.82
 2.00 2.00  8.84
 2.00 2.00  8.86
 2.00 2.00  8.88
 2.00 2.00  8.90
 2.00 1.99  8.92
 2.00 2.00  8.94
 2.00 2.00  8.96
 2.00 2.00  8.98
 2.00 2.00  9.00
 2.00 2.00  9.02
 2.00 1.99  9.04
 2.00 1.99  9.06
 2.00 2.00  9.08
 2.00 1.99  9.10
 2.00 1.99  9.12
 2.00 1.99  9.14
 2.00 1.99  9.16
 2.00 1.99  9.18
 2.00 1.99  9.20
 2.00 1.99  9.22
 2.00 1.99  9.24
 2.00 1.99  9.26
 2.00 1.99  9.28
 2.00 2.00  9.30
 2.00 1.99  9.32
 2.00 2.00  9.34
 2.00 2.00  9.36
 2.00 2.00  9.38
 2.00 2.00  9.40
 2.00 2.00  9.42
 2.00 2.00  9.44
 2.00 2.00  9.46
 2.00 2.00  9.48
 2.00 2.00  9.50
 2.00 2.00  9.52
 2.00 2.00  9.54
 2.00 2.00  9.56
 2.00 2.00  9.58
 2.00 2.00  9.60
 2.00 2.00  9.62
 2.00 2.00  9.64
 2.00 2.00  9.66
 2.00 2.00  9.68
 2.00 2.00  9.70
 2.00 2.00  9.72
 2.00 2.00  9.74
 2.00 2.00  9.76
 2.00 2.00  9.78
 2.00 2.00  9.80
 2.00 2.00  9.82
 2.00 2.00  9.84
 2.00 2.00  9.86
 2.00 2.00  9.88
 2.00 2.00  9.90
 2.00 2.00  9.92
 2.00 2.00  9.94
 2.00 2.00  9.96
 2.00 2.00  9.98
 2.00 2.00  10.00
 2.00 2.00  10.02
 0.00 2.00  10.04
 0.00 1.88  10.06
 0.00 1.72  10.08
 0.00 1.55  10.10
 0.00 1.40  10.12
 0.00 1.26  10.14
 0.00 1.13  10.16
 0.00 1.00  10.18
 0.00 0.90  10.20
 0.00 0.80  10.22
 0.00 0.72  10.24
 0.00 0.67  10.26
 0.00 0.63  10.28
 0.00 0.59  10.30
 0.00 0.56  10.32
 0.00 0.54  10.34
 0.00 0.51  10.36
 0.00 0.49  10.38
 0.00 0.47  10.40
 0.00 0.44  10.42
 0.00 0.42  10.44
 0.00 0.40  10.46
 0.00 0.38  10.48
 0.00 0.36  10.50
 0.00 0.34  10.52
 0.00 0.32  10.54
 0.00 0.30  10.56
 0.00 0.28  10.58
 0.00 0.26  10.60
 0.00 0.24  10.62
 0.00 0.22  10.64
 0.00 0.21  10.66
 0.00 0.19  10.68
 0.00 0.17  10.70
 0.00 0.16  10.72
 0.00 0.14  10.74
 0.00 0.12  10.76
 0.00 0.11  10.78
 0.00 0.09  10.80
 0.00 0.08  10.82
 0.00 0.07  10.84
 0.00 0.05  10.86
 0.00 0.04  10.88
 0.00 0.03  10.90
 0.00 0.02  10.92
 0.00 0.01  10.94
 0.00 -0.01  10.96
 0.00 -0.02  10.98
 0.00 -0.03  11.00
 0.00 -0.04  11.02
 0.00 -0.05  11.04
 0.00 -0.06  11.06
 0.00 -0.08  11.08
 0.00 -0.09  11.10
 0.00 -0.09  11.12
 0.00 -0.10  11.14
 0.00 -0.10  11.16
 0.00 -0.10  11.18
 0.00 -0.10  11.20
 0.00 -0.10  11.22
 0.00 -0.10  11.24
 0.00 -0.10  11.26
 0.00 -0.10  11.28
 0.00 -0.09  11.30
 0.00 -0.09  11.32
 0.00 -0.09  11.34
 0.00 -0.08  11.36
 0.00 -0.08  11.38
 0.00 -0.08  11.40
 0.00 -0.07  11.42
 0.00 -0.07  11.44
 0.00 -0.07  11.46
 0.00 -0.06  11.48
 0.00 -0.06  11.50
 0.00 -0.06  11.52
 0.00 -0.05  11.54
 0.00 -0.05  11.56
 0.00 -0.05  11.58
 0.00 -0.04  11.60
 0.00 -0.04  11.62
 0.00 -0.04  11.64
 0.00 -0.03  11.66
 0.00 -0.03  11.68
 0.00 -0.03  11.70
 0.00 -0.03  11.72
 0.00 -0.02  11.74
 0.00 -0.02  11.76
 0.00 -0.02  11.78
 0.00 -0.02  11.80
 0.00 -0.01  11.82
 0.00 -0.01  11.84
 0.00 -0.01  11.86
 0.00 -0.01  11.88
 0.00 -0.01  11.90
 0.00 -0.01  11.92
 0.00 -0.00  11.94
 0.00 -0.00  11.96
 0.00 -0.00  11.98
 0.00 -0.00  12.00
 0.00 -0.00  12.02
 0.00 0.00  12.04
 0.00 0.00  12.06
 0.00 0.00  12.08
 0.00 0.01  12.10
 0.00 0.00  12.12
 0.00 0.01  12.14
 0.00 0.01  12.16
 0.00 0.01  12.18
 0.00 0.01  12.20
 0.00 0.01  12.22
 0.00 0.01  12.24
 0.00 0.01  12.26
 0.00 0.01  12.28
 0.00 0.01  12.30
 0.00 0.02  12.32
 0.00 0.02  12.34
 0.00 0.02  12.36
 0.00 0.01  12.38
 0.00 0.02  12.40
 0.00 0.02  12.42
 0.00 0.01  12.44
 0.00 0.02  12.46
 0.00 0.02  12.48
 0.00 0.02  12.50
 0.00 0.02  12.52
 0.00 0.02  12.54
 0.00 0.02  12.56
 0.00 0.02  12.58
 0.00 0.02  12.60
 0.00 0.02  12.62
 0.00 0.02  12.64
 0.00 0.02  12.66
 0.00 0.02  12.68
 0.00 0.02  12.70
 0.00 0.02  12.72
 0.00 0.02  12.74
 0.00 0.02  12.76
 0.00 0.02  12.78
 0.00 0.02  12.80
 0.00 0.02  12.82
 0.00 0.02  12.84
 0.00 0.02  12.86
 0.00 0.02  12.88
 0.00 0.02  12.90
 0.00 0.02  12.92
 0.00 0.02  12.94
 0.00 0.02  12.96
 0.00 0.02  12.98
 0.00 0.03  13.00
 0.00 0.02  13.02
 0.00 0.02  13.04
 0.00 0.02  13.06
 0.00 0.02  13.08
 0.00 0.02  13.10
 0.00 0.02  13.12
 0.00 0.02  13.14
 0.00 0.02  13.16
 0.00 0.02  13.18
 0.00 0.02  13.20
 0.00 0.02  13.22
 0.00 0.02  13.24
 0.00 0.03  13.26
 0.00 0.02  13.28
 0.00 0.02  13.30
 0.00 0.02  13.32
 0.00 0.02  13.34
 0.00 0.03  13.36
 0.00 0.03  13.38
 0.00 0.03  13.40
 0.00 0.03  13.42
 0.00 0.02  13.44
 0.00 0.02  13.46
 0.00 0.02  13.48
 0.00 0.02  13.50
 0.00 0.02  13.52
 0.00 0.02  13.54
 0.00 0.02  13.56
 0.00 0.02  13.58
 0.00 0.02  13.60
 0.00 0.02  13.62
 0.00 0.02  13.64
 0.00 0.02  13.66
 0.00 0.02  13.68
 0.00 0.02  13.70
 0.00 0.02  13.72
 0.00 0.02  13.74
 0.00 0.02  13.76
 0.00 0.02  13.78
 0.00 0.02  13.80
 0.00 0.02  13.82
 0.00 0.02  13.84
 0.00 0.02  13.86
 0.00 0.02  13.88
 0.00 0.02  13.90
 0.00 0.02  13.92
 0.00 0.02  13.94
 0.00 0.02  13.96
 0.00 0.02  13.98
 0.00 0.02  14.00
 0.00 0.02  14.02
 0.00 0.02  14.04
 0.00 0.01  14.06
 0.00 0.01  14.08
 0.00 0.01  14.10
 0.00 0.01  14.12
 0.00 0.02  14.14
 0.00 0.01  14.16
 0.00 0.01  14.18
 0.00 0.02  14.20
 0.00 0.02  14.22
 0.00 0.02  14.24
 0.00 0.02  14.26
 0.00 0.02  14.28
 0.00 0.02  14.30
 0.00 0.02  14.32
 0.00 0.02  14.34
 0.00 0.02  14.36
 0.00 0.02  14.38
 0.00 0.02  14.40
 0.00 0.02  14.42
 0.00 0.02  14.44
 0.00 0.02  14.46
 0.00 0.03  14.48
 0.00 0.02  14.50
 0.00 0.03  14.52
 0.00 0.02  14.54
 0.00 0.03  14.56
 0.00 0.03  14.58
 0.00 0.03  14.60
 0.00 0.02  14.62
 0.00 0.02  14.64
 0.00 0.02  14.66
 0.00 0.01  14.68
 0.00 0.01  14.70
 0.00 0.01  14.72
 0.00 0.01  14.74
 0.00 0.00  14.76
 0.00 0.00  14.78
 0.00 -0.00  14.80
 0.00 -0.00  14.82
 0.00 -0.01  14.84
 0.00 -0.01  14.86
 0.00 -0.01  14.88
 0.00 -0.01  14.90
 0.00 -0.01  14.92
 0.00 -0.02  14.94
 0.00 -0.02  14.96
 0.00 -0.02  14.98
 0.00 -0.02  15.00
 0.00 -0.02  15.02
 0.00 -0.03  15.04
 0.00 -0.03  15.06
 0.00 -0.03  15.08
 0.00 -0.03  15.10
 0.00 -0.03  15.12
 0.00 -0.03  15.14
 0.00 -0.04  15.16
 0.00 -0.04  15.18
 0.00 -0.04  15.20
 0.00 -0.04  15.22
 0.00 -0.04  15.24
 0.00 -0.04  15.26
 0.00 -0.04  15.28
 0.00 -0.05  15.30
 0.00 -0.05  15.32
 0.00 -0.05  15.34
 0.00 -0.05  15.36
 0.00 -0.05  15.38
 0.00 -0.05  15.40
 0.00 -0.05  15.42
 0.00 -0.05  15.44
 0.00 -0.05  15.46
 0.00 -0.05  15.48
 0.00 -0.05  15.50
 0.00 -0.06  15.52
 0.00 -0.06  15.54
 0.00 -0.06  15.56
 0.00 -0.06  15.58
 0.00 -0.06  15.60
 0.00 -0.06  15.62
 0.00 -0.06  15.64
 0.00 -0.06  15.66
 0.00 -0.06  15.68
 0.00 -0.06  15.70
 0.00 -0.06  15.72
 0.00 -0.05  15.74
 0.00 -0.05  15.76
 0.00 -0.04  15.78
 0.00 -0.03  15.80
 0.00 -0.03  15.82
 0.00 -0.02  15.84
 0.00 -0.01  15.86
 0.00 -0.01  15.88
 0.00 0.00  15.90
 0.00 0.01  15.92
 0.00 0.01  15.94
 0.00 0.02  15.96
 0.00 0.02  15.98
 0.00 0.03  16.00
 0.00 0.03  16.02
 0.00 0.03  16.04
 0.00 0.04  16.06
 0.00 0.04  16.08
 0.00 0.04  16.10
 0.00 0.04  16.12
 0.00 0.04  16.14
 0.00 0.05  16.16
 0.00 0.05  16.18
 0.00 0.05  16.20
 0.00 0.05  16.22
 0.00 0.05  16.24
 0.00 0.05  16.26
 0.00 0.05  16.28
 0.00 0.05  16.30
 0.00 0.05  16.32
 0.00 0.06  16.34
 0.00 0.06  16.36
 0.00 0.05  16.38
 0.00 0.05  16.40
 0.00 0.05  16.42
 0.00 0.05  16.44
 0.00 0.05  16.46
 0.00 0.04  16.48
 0.00 0.04  16.50
 0.00 0.04  16.52
 0.00 0.04  16.54
 0.00 0.04  16.56
 0.00 0.04  16.58
 0.00 0.03  16.60
 0.00 0.03  16.62
 0.00 0.03  16.64
 0.00 0.03  16.66
 0.00 0.03  16.68
 0.00 0.03  16.70
 0.00 0.03  16.72
 0.00 0.02  16.74
 0.00 0.02  16.76
 0.00 0.02  16.78
 0.00 0.02  16.80
 0.00 0.02  16.82
 0.00 0.02  16.84
 0.00 0.02  16.86
 0.00 0.02  16.88
 0.00 0.01  16.90
 0.00 0.01  16.92
 0.00 0.01  16.94
 0.00 0.01  16.96
 0.00 0.01  16.98
 0.00 0.01  17.00
 0.00 0.01  17.02
 0.00 0.01  17.04
 0.00 0.01  17.06
 0.00 0.01  17.08
 0.00 0.00  17.10
 0.00 0.00  17.12
 0.00 0.00  17.14
 0.00 0.00  17.16
 0.00 0.00  17.18
 0.00 -0.00  17.20
 0.00 -0.00  17.22
 0.00 -0.00  17.24
 0.00 -0.00  17.26
 0.00 -0.00  17.28
 0.00 -0.00  17.30
 0.00 -0.00  17.32
 0.00 -0.01  17.34
 0.00 -0.01  17.36
 0.00 -0.01  17.38
 0.00 -0.01  17.40
 0.00 -0.01  17.42
 0.00 -0.01  17.44
 0.00 -0.01  17.46
 0.00 -0.01  17.48
 0.00 -0.01  17.50
 0.00 -0.01  17.52
 0.00 -0.01  17.54
 0.00 -0.01  17.56
 0.00 -0.01  17.58
 0.00 -0.01  17.60
 0.00 -0.01  17.62
 0.00 -0.01  17.64
 0.00 -0.02  17.66
 0.00 -0.02  17.68
 0.00 -0.02  17.70
 0.00 -0.02  17.72
 0.00 -0.02  17.74
 0.00 -0.02  17.76
 0.00 -0.02  17.78
 0.00 -0.02  17.80
 0.00 -0.02  17.82
 0.00 -0.02  17.84
 0.00 -0.02  17.86
 0.00 -0.02  17.88
 0.00 -0.02  17.90
 0.00 -0.02  17.92
 0.00 -0.02  17.94
 0.00 -0.02  17.96
 0.00 -0.02  17.98
 0.00 -0.02  18.00
 0.00 -0.02  18.02
 0.00 -0.02  18.04
 0.00 -0.02  18.06
 0.00 -0.02  18.08
 0.00 -0.02  18.10
 0.00 -0.02  18.12
 0.00 -0.02  18.14
 0.00 -0.02  18.16
 0.00 -0.02  18.18
 0.00 -0.02  18.20
 0.00 -0.02  18.22
 0.00 -0.02  18.24
 0.00 -0.02  18.26
 0.00 -0.02  18.28
 0.00 -0.02  18.30
 0.00 -0.01  18.32
 0.00 -0.01  18.34
 0.00 -0.01  18.36
 0.00 -0.00  18.38
 0.00 0.00  18.40
 0.00 0.01  18.42
 0.00 0.01  18.44
 0.00 0.02  18.46
 0.00 0.02  18.48
 0.00 0.02  18.50
 0.00 0.02  18.52
 0.00 0.02  18.54
 0.00 0.03  18.56
 0.00 0.03  18.58
 0.00 0.03  18.60
 0.00 0.03  18.62
 0.00 0.03  18.64
 0.00 0.03  18.66
 0.00 0.04  18.68
 0.00 0.04  18.70
 0.00 0.04  18.72
 0.00 0.05  18.74
 0.00 0.05  18.76
 0.00 0.05  18.78
 0.00 0.05  18.80
 0.00 0.05  18.82
 0.00 0.05  18.84
 0.00 0.05  18.86
 0.00 0.04  18.88
 0.00 0.04  18.90
 0.00 0.04  18.92
 0.00 0.04  18.94
 0.00 0.04  18.96
 0.00 0.04  18.98
 0.00 0.04  19.00
 0.00 0.04  19.02
 0.00 0.04  19.04
 0.00 0.04  19.06
 0.00 0.04  19.08
 0.00 0.03  19.10
 0.00 0.03  19.12
 0.00 0.03  19.14
 0.00 0.03  19.16
 0.00 0.03  19.18
 0.00 0.03  19.20
 0.00 0.03  19.22
 0.00 0.03  19.24
 0.00 0.03  19.26
 0.00 0.03  19.28
 0.00 0.03  19.30
 0.00 0.03  19.32
 0.00 0.02  19.34
 0.00 0.02  19.36
 0.00 0.02  19.38
 0.00 0.02  19.40
 0.00 0.02  19.42
 0.00 0.02  19.44
 0.00 0.02  19.46
 0.00 0.02  19.48
 0.00 0.02  19.50
 0.00 0.02  19.52
 0.00 0.02  19.54
 0.00 0.02  19.56
 0.00 0.02  19.58
 0.00 0.02  19.60
 0.00 0.02  19.62
 0.00 0.02  19.64
 0.00 0.01  19.66
 0.00 0.01  19.68
 0.00 0.01  19.70
 0.00 0.01  19.72
 0.00 0.01  19.74
 0.00 0.01  19.76
 0.00 0.01  19.78
 0.00 0.01  19.80
 0.00 0.01  19.82
 0.00 0.01  19.84
 0.00 0.01  19.86
 0.00 0.01  19.88
 0.00 0.01  19.90
 0.00 0.01  19.92
 0.00 0.01  19.94
 0.00 0.01  19.96
 0.00 0.01  19.98
 0.00 0.01  20.00
 0.00 0.01  20.02
 0.00 0.01  20.04
 0.00 0.01  20.06
 0.00 0.01  20.08
 0.00 0.01  20.10
 0.00 0.01  20.12
 0.00 0.01  20.14
 0.00 0.01  20.16
 0.00 0.00  20.18
 0.00 0.00  20.20
 0.00 0.00  20.22
 0.00 0.00  20.24
 0.00 0.00  20.26
 0.00 0.00  20.28
 0.00 0.00  20.30
 0.00 0.00  20.32
 0.00 0.00  20.34
 0.00 0.00  20.36
 0.00 0.00  20.38
 0.00 0.00  20.40
 0.00 0.00  20.42
 0.00 0.00  20.44
 0.00 0.00  20.46
 0.00 0.00  20.48
 0.00 0.00  20.50
 0.00 0.00  20.52
 0.00 0.00  20.54
 0.00 0.00  20.56
 0.00 0.00  20.58
 0.00 0.00  20.60
 0.00 0.00  20.62
 0.00 0.00  20.64
 0.00 -0.00  20.66
 0.00 -0.00  20.68
 0.00 -0.00  20.70
 0.00 -0.00  20.72
 0.00 -0.00  20.74
 0.00 -0.00  20.76
 0.00 -0.00  20.78
 0.00 -0.00  20.80
 0.00 -0.00  20.82
 0.00 -0.00  20.84
 0.00 -0.00  20.86
 0.00 -0.00  20.88
 0.00 -0.00  20.90
 0.00 -0.00  20.92
 0.00 -0.00  20.94
 0.00 -0.00  20.96
 0.00 -0.00  20.98
 0.00 -0.00  21.00
 0.00 -0.00  21.02
 0.00 -0.00  21.04
 0.00 -0.00  21.06
 0.00 -0.00  21.08
 0.00 -0.00  21.10
 0.00 -0.00  21.12
 0.00 -0.00  21.14
 0.00 -0.00  21.16
 0.00 -0.00  21.18
 0.00 -0.00  21.20
 0.00 -0.01  21.22
 0.00 -0.01  21.24
 0.00 -0.01  21.26
 0.00 -0.01  21.28
 0.00 -0.01  21.30
 0.00 -0.01  21.32
 0.00 -0.00  21.34
 0.00 -0.00  21.36
 0.00 -0.00  21.38
 0.00 -0.00  21.40
 0.00 -0.00  21.42
 0.00 -0.00  21.44
 0.00 -0.00  21.46
 0.00 -0.00  21.48
 0.00 -0.00  21.50
 0.00 -0.00  21.52
 0.00 -0.00  21.54
 0.00 0.00  21.56
 0.00 0.00  21.58
 0.00 0.00  21.60
 0.00 0.00  21.62
 0.00 0.00  21.64
 0.00 0.00  21.66
 0.00 0.00  21.68
 0.00 0.00  21.70
 0.00 0.00  21.72
 0.00 0.00  21.74
 0.00 0.00  21.76
 0.00 0.00  21.78
 0.00 0.00  21.80
 0.00 0.00  21.82
 0.00 0.00  21.84
 0.00 0.00  21.86
 0.00 0.00  21.88
 0.00 0.00  21.90
 0.00 0.00  21.92
 0.00 0.00  21.94
 0.00 0.00  21.96
 0.00 -0.00  21.98
 0.00 -0.00  22.00
 0.00 -0.00  22.02
 0.00 -0.00  22.04
 0.00 -0.00  22.06
 0.00 -0.00  22.08
 0.00 -0.00  22.10
 0.00 -0.00  22.12
 0.00 -0.00  22.14
 0.00 -0.00  22.16
 0.00 -0.00  22.18
 0.00 -0.00  22.20
 0.00 -0.00  22.22
 0.00 -0.00  22.24
 0.00 -0.00  22.26
 0.00 -0.00  22.28
 0.00 -0.00  22.30
 0.00 -0.00  22.32
 0.00 -0.00  22.34
 0.00 -0.00  22.36
 0.00 -0.00  22.38
 0.00 -0.00  22.40
 0.00 -0.00  22.42
 0.00 -0.00  22.44
 0.00 -0.00  22.46
 0.00 -0.00  22.48
 0.00 -0.00  22.50
 0.00 -0.00  22.52
 0.00 -0.00  22.54
 0.00 -0.00  22.56
 0.00 -0.00  22.58
 0.00 -0.00  22.60
 0.00 -0.00  22.62
 0.00 -0.00  22.64
 0.00 -0.00  22.66
 0.00 -0.00  22.68
 0.00 -0.00  22.70
 0.00 -0.00  22.72
 0.00 -0.00  22.74
 0.00 -0.00  22.76
 0.00 -0.00  22.78
 0.00 -0.00  22.80
 0.00 -0.00  22.82
 0.00 -0.00  22.84
 0.00 -0.00  22.86
 0.00 -0.00  22.88
 0.00 -0.00  22.90
 0.00 -0.00  22.92
 0.00 -0.00  22.94
 0.00 -0.00  22.96
 0.00 -0.00  22.98
 0.00 -0.00  23.00
 0.00 -0.00  23.02
 0.00 -0.00  23.04
 0.00 -0.00  23.06
 0.00 -0.00  23.08
 0.00 -0.00  23.10
 0.00 -0.00  23.12
 0.00 -0.00  23.14
 0.00 -0.00  23.16
 0.00 -0.00  23.18
 0.00 -0.00  23.20
 0.00 -0.00  23.22
 0.00 -0.00  23.24
 0.00 -0.00  23.26
 0.00 -0.00  23.28
 0.00 -0.00  23.30
 0.00 -0.00  23.32
 0.00 -0.00  23.34
 0.00 -0.00  23.36
 0.00 -0.00  23.38
 0.00 -0.00  23.40
 0.00 -0.00  23.42
 0.00 -0.00  23.44
 0.00 -0.00  23.46
 0.00 -0.00  23.48
 0.00 -0.00  23.50
 0.00 -0.00  23.52
 0.00 -0.00  23.54
 0.00 -0.00  23.56
 0.00 -0.00  23.58
 0.00 -0.00  23.60
 0.00 -0.00  23.62
 0.00 -0.00  23.64
 0.00 -0.00  23.66
 0.00 -0.00  23.68
 0.00 -0.00  23.70
 0.00 -0.00  23.72
 0.00 -0.00  23.74
 0.00 -0.00  23.76
 0.00 -0.00  23.78
 0.00 -0.00  23.80
 0.00 -0.00  23.82
 0.00 -0.00  23.84
 0.00 -0.00  23.86
 
