0.00
0.00
0.00
0.00
0.00
0.00
0.00
0.00
0.00
0.00
0.00
0.00
0.00
0.00
0.00
0.00
0.00
0.00
0.00
0.00
0.00
0.00
0.00
0.00
0.00
0.00
0.00
0.00
0.00
0.00
0.00
0.00
0.00
0.00
0.00
0.00
0.00
0.00
0.00
0.00
0.00
0.00
0.00
0.00
0.00
0.00
0.00
0.00
0.00
0.00
0.00
0.00
0.00
0.00
0.00
0.00
0.00
0.00
0.00
0.00
0.00
0.00
0.00
0.00
0.00
0.00
0.00
0.00
0.43
2.39
3.37
4.48
5.09
5.89
6.81
7.24
7.97
8.59
9.39
9.51
9.69
10.06
9.75
9.82
10.12
9.82
9.88
9.82
10.24
9.88
9.88
10.18
9.82
9.88
9.93
10.18
9.88
9.94
10.24
9.88
9.82
10.18
9.94
9.94
9.88
10.18
9.88
9.94
10.31
9.88
9.88
10.24
9.88
9.88
9.88
10.24
9.94
9.88
10.24
9.94
9.88
9.88
10.24
9.88
9.88
10.24
9.88
9.94
10.31
9.94
9.88
9.94
10.24
9.94
9.94
10.24
9.94
9.94
10.31
10.00
9.94
9.94
10.24
9.94
9.94
10.31
9.94
9.94
9.99
10.31
9.94
9.94
10.31
9.94
9.94
10.31
10.00
10.00
9.94
10.31
10.00
10.00
10.31
9.94
10.06
10.31
10.00
10.00
10.00
10.31
9.94
10.00
10.31
10.00
9.94
9.99
10.31
9.94
9.94
10.31
9.94
9.94
10.31
9.94
9.94
9.94
10.31
9.94
10.06
10.31
10.00
9.94
10.31
9.94
9.94
10.00
10.31
10.00
9.94
10.31
9.94
9.94
9.94
10.31
9.94
10.00
10.31
10.06
10.00
10.37
10.00
9.94
10.00
10.37
10.00
10.00
10.31
10.00
10.06
10.31
10.00
10.00
9.94
10.37
9.94
10.00
10.37
9.94
10.00
9.99
10.31
10.00
10.00
10.37
10.00
10.00
10.37
10.00
10.00
10.00
10.37
10.00
10.00
10.37
10.06
10.06
10.43
10.00
10.00
10.00
10.31
10.00
10.00
10.37
10.06
10.06
10.11
10.37
10.00
10.00
10.37
10.00
10.00
10.37
10.00
10.00
9.94
10.37
10.06
10.06
10.37
10.00
10.00
10.37
10.00
10.06
10.00
10.37
10.00
10.00
10.37
10.00
10.00
10.00
10.37
10.00
10.00
10.43
10.06
10.06
