30
0.00
30
0.00
0.00
30
0.00
0.00
0.00
0.00
0.00
0.00
0.00
0.00
0.00
0.00
0.00
0.00
0.00
0.00
0.00
0.00
0.00
0.00
0.00
0.00
0.00
0.00
0.00
0.00
0.00
0.00
0.00
0.00
0.00
0.00
0.00
0.00
0.00
0.00
0.00
0.00
0.00
0.00
0.00
0.00
0.00
0.00
0.00
0.00
0.00
0.00
0.00
0.00
0.00
0.00
0.00
0.00
0.00
0.00
0.00
0.00
0.00
0.00
0.00
0.00
0.00
0.00
0.04
0.25
0.54
0.91
1.32
1.78
2.29
2.82
3.38
3.97
4.59
5.19
5.77
6.35
6.86
7.34
7.82
8.24
8.63
8.99
9.36
9.66
9.94
10.22
10.44
10.65
10.84
11.03
11.18
11.31
11.45
11.54
11.61
11.70
11.75
11.80
11.82
11.86
11.87
11.87
11.89
11.87
11.85
11.85
11.81
11.76
11.72
11.70
11.65
11.59
11.57
11.51
11.45
11.38
11.35
11.28
11.22
11.19
11.12
11.06
11.03
10.97
10.91
10.85
10.82
10.77
10.71
10.69
10.64
10.59
10.57
10.53
10.48
10.44
10.42
10.38
10.34
10.33
10.30
10.26
10.23
10.23
10.20
10.17
10.17
10.15
10.12
10.13
10.11
10.09
10.07
10.08
10.06
10.05
10.06
10.04
10.04
10.05
10.04
10.03
10.02
10.04
10.02
10.01
10.03
10.02
10.01
10.00
10.02
10.01
10.00
10.02
10.01
10.00
10.02
10.01
10.00
9.99
10.01
10.00
10.00
10.03
10.02
10.01
10.04
10.03
10.02
10.01
10.04
10.03
10.02
10.05
10.03
10.03
10.02
10.04
10.03
10.03
10.05
10.05
10.05
10.07
10.07
10.06
10.05
10.08
10.07
10.07
10.09
10.08
10.08
10.10
10.10
10.09
10.08
10.10
10.09
10.08
10.11
10.09
10.09
10.08
10.10
10.09
10.08
10.11
10.10
10.09
10.12
10.11
10.10
10.09
10.12
10.11
10.10
10.12
10.12
10.12
10.15
10.13
10.12
10.11
10.13
10.12
10.11
10.13
10.13
10.12
10.12
10.15
10.14
10.12
10.15
10.14
10.12
10.15
10.13
10.12
10.11
10.13
10.12
10.12
10.14
10.13
10.12
10.14
10.13
10.12
10.11
10.13
10.12
10.11
10.13
10.12
10.11
10.10
10.12
10.11
10.10
10.13
10.13
 omega_actual_filter
